633 -1502 6287
140
2500 487
2500 475
2499 425
2495 362
2491 312
2487 274
2483 237
2479 212
2469 150
2446 39
2424 -46
2417 -70
2406 -106
2386 -166
2373 -201
2355 -248
2340 -283
2330 -306
2325 -317
2293 -386
2253 -464
2215 -529
2202 -550
2182 -582
2140 -645
2118 -676
2103 -696
2080 -726
2049 -765
1975 -851
1958 -869
1932 -896
1914 -914
1869 -958
1823 -1000
1813 -1009
1775 -1041
1765 -1049
1716 -1088
1686 -1111
1624 -1154
1582 -1182
1550 -1202
1529 -1215
1475 -1247
1363 -1304
1340 -1315
1306 -1330
1283 -1340
1271 -1345
1201 -1373
1177 -1382
1154 -1390
1106 -1406
1070 -1417
973 -1443
936 -1452
912 -1457
862 -1467
825 -1473
713 -1489
688 -1491
588 -1498
525 -1500
487 -1500
425 -1499
387 -1497
362 -1495
237 -1483
200 -1477
113 -1462
88 -1457
64 -1452
39 -1446
-10 -1434
-46 -1424
-70 -1417
-106 -1406
-154 -1390
-201 -1373
-225 -1364
-248 -1355
-283 -1340
-306 -1330
-340 -1315
-386 -1293
-464 -1253
-550 -1202
-582 -1182
-645 -1140
-676 -1118
-716 -1088
-765 -1049
-804 -1017
-823 -1000
-869 -958
-905 -923
-923 -905
-967 -860
-1009 -813
-1025 -794
-1049 -765
-1057 -755
-1080 -726
-1111 -686
-1140 -645
-1182 -582
-1221 -518
-1247 -475
-1282 -408
-1315 -340
-1340 -283
-1355 -248
-1373 -201
-1382 -177
-1390 -154
-1402 -118
-1417 -70
-1424 -46
-1443 27
-1446 39
-1452 64
-1457 88
-1467 138
-1469 150
-1481 224
-1484 249
-1491 312
-1496 374
-1498 412
-1499 437
-1500 475
-1500 513
-1499 575
-1495 638
-1490 701
-1484 751
-1479 788
-1469 850
-1462 887
