500 2 2000
59001 602507
402263 159109
81225 747642
127553 101010
407442 922286
143262 892152
931006 989619
302935 272376
954602 693573
169755 730624
113935 109264
580985 134916
830036 776928
24449 752055
566450 162761
680621 755037
370496 61332
417320 552397
921481 381085
321865 697023
608300 729967
337696 829327
103056 859849
630592 960132
545226 921152
25498 54371
700018 150835
192328 890521
913398 733916
946101 667336
308004 657596
524398 527026
909382 99365
629733 778724
970530 798421
59103 712633
944946 651351
998655 958975
813195 290402
292795 469363
864078 531700
280281 205220
586361 297681
299423 432932
950188 79185
584450 491207
963961 188195
85856 413831
985495 941116
335551 79877
219550 719542
778823 538988
938239 720103
882306 168541
341466 945253
77292 508268
659950 924410
863919 230492
699728 318187
625239 375888
886167 204873
737296 413665
847598 330777
512843 707978
190112 615875
318712 740142
501666 863819
918861 722480
209814 491202
620628 226475
656274 274440
969856 361643
66911 849269
808306 473030
806179 473609
933633 735148
169271 941727
46375 765926
203032 361565
114280 236678
525119 649236
127889 114257
229631 459045
848740 422374
825912 708872
241708 172199
12885 659677
717545 8514
248930 745129
840555 50234
117119 733086
229091 480145
479600 540218
109484 280430
437990 636980
431355 305687
196287 278858
554402 990480
653536 711514
653710 115740
197694 657729
855010 818151
555511 480201
936469 721337
311270 786137
815362 263120
942923 873596
232450 145906
490830 603528
426041 680000
90315 457489
206466 211851
705343 337634
261849 460386
515134 191840
340926 816983
897822 307572
421457 211434
806057 26613
628970 110505
778807 440004
745407 569467
65312 41177
158876 569014
651546 652706
888360 897560
523886 189507
951406 725362
561770 471454
615931 125063
518504 160027
12008 849664
704687 393055
325123 238840
344350 973212
634586 565894
562888 90261
610626 609747
164776 759018
948706 757487
522199 635848
643859 852163
437618 236113
232602 422907
986252 605304
664770 277538
805422 927579
935780 750897
502214 163718
114756 106455
338616 351106
937251 499694
751633 130278
68439 60116
995079 859002
73937 268032
547600 179031
106315 370602
414136 397228
821759 209643
306974 508548
474917 870953
356037 759248
36807 24820
743549 692038
300625 624672
260098 805338
345958 334171
253069 394497
510870 946987
562001 896622
46311 486027
597375 650403
752865 142283
431220 784593
240079 97310
134218 213045
265326 479972
586093 268237
539533 918179
915941 173176
373180 868665
12878 738128
605777 623975
774619 743526
917407 634708
843882 657918
168493 756808
1459 169926
71411 277756
330264 902633
70644 448079
319764 822806
743792 413680
10220 594752
75263 797156
152718 716012
885437 246617
129143 445693
646980 978160
538902 236072
419126 840591
833519 985819
445293 422997
446606 49606
152908 129444
748391 958474
891482 902317
717363 823816
981986 724158
462189 308115
542143 964177
354305 255715
519076 22336
904694 330871
717951 986857
441101 786614
770599 654832
845461 754741
874059 937666
622443 580491
838577 260133
757662 981336
218971 557674
785361 156352
333754 461568
532312 353888
644919 916728
457541 636640
654688 344276
20525 539248
477599 510131
8511 315592
395280 80784
597937 602574
185784 184721
559886 726962
669246 964885
365023 384712
55722 402295
12377 748888
511196 631689
779508 672229
863739 689561
262880 553417
683002 293752
507634 550086
695914 734676
783290 232142
597638 597339
240971 313718
227180 680636
383992 299941
590059 728666
679998 586912
639510 671191
521767 185330
108235 791126
285493 438687
521020 119411
939501 447524
177178 922685
946818 603410
68927 954372
975048 385547
379914 336450
919810 574437
3886 606966
32462 419890
191693 610197
519664 201537
473117 281124
180646 440723
854566 838627
689606 139669
13532 37190
873435 864454
133616 393085
533579 786979
353298 868713
834343 759808
167473 295077
377749 924820
273622 796282
504818 696604
365703 779995
320628 893617
55561 982984
937165 511594
590923 363325
54939 166494
464510 61685
347031 444730
863895 809103
215983 249798
549470 685266
1479 472138
677114 520044
954009 127735
54255 551320
845622 530587
49461 972207
50973 496636
635835 125720
967488 346872
813001 733840
919260 795966
591544 254121
228587 946384
533356 804881
161285 16181
779020 255408
539014 898015
272591 432102
175624 339674
340105 205080
631817 53220
793063 904276
789548 657857
313238 920717
205616 814992
166785 974456
878925 695288
938545 432356
73948 738738
118179 810428
18179 189611
382343 885249
314421 589517
45297 155333
531638 80037
673733 997514
755678 727790
172332 171633
681059 758475
747971 313264
686809 924553
69255 586281
542873 290985
512744 143196
445584 700809
459328 471398
933397 827459
850980 419425
355989 311947
743333 5514
930611 262239
549090 111238
720239 748800
600906 541080
660877 646876
909596 927174
104191 532867
965715 583373
859483 663868
943236 81606
733433 485023
133336 326762
55551 258830
103239 84996
694168 402218
345379 151784
261149 278494
64407 843271
539505 732184
750866 188206
921297 930694
69813 948040
975291 628804
554622 976916
328174 364708
458889 120006
140649 874867
336159 866579
528427 327000
582642 281312
567472 879855
1829 793489
247052 587503
19608 177234
184248 191615
880160 654925
539329 416909
161803 646153
350595 885847
882663 942430
496692 279138
841179 88604
333265 52667
822902 844141
881467 417350
113476 425314
894177 585940
872511 735296
530400 983667
880410 6305
235315 407997
203774 835938
724604 832462
526537 555400
798940 43402
622069 688221
538721 245701
653829 309429
472900 735601
299077 546411
319202 531245
188750 764129
90107 634024
923306 937233
444039 673742
144819 643991
273944 409598
139455 82454
535617 998609
854733 741663
312639 198540
968840 496805
709367 842374
677720 881530
728367 291394
476698 602909
178440 442255
980049 537878
579108 490220
648493 771851
670742 609250
912836 14273
882413 645282
870779 710204
800891 375931
373919 635313
397142 747985
256583 934476
957500 710404
494526 439883
90750 844795
393696 738499
882584 799766
898622 129878
405071 252093
81548 658056
499369 170534
592043 768652
360883 673339
920002 282751
212416 726757
356817 689391
696753 618727
639595 402718
299221 53466
223400 958092
840465 501681
946914 16630
700708 566292
327612 350251
682993 626849
129185 40889
197050 155153
172830 655889
723921 742435
801554 624398
961230 711265
707339 983804
337733 903622
191408 268290
10273 393040
866936 939168
279260 740750
411461 277354
487741 597917
876478 733489
646939 94936
930555 759958
916469 748714
252218 23224
103270 818314
301605 661767
249789 954807
224449 923531
21663 28445
90624 619423
123116 70719
822498 332848
100647 861354
963137 401311
633999 183217
972198 252490
354483 110407
798514 827070
544055 604245
36055 253364
433724 411114
80009 286717
38185 883487
146257 423155
597637 355475
968326 91675
199499 653505
995431 720846
