250 7000
107
62
8456
92657
116
70
625
150
528
394
771
6
599
57
20
35265
2114
6043
5
40
9
14598
23
4
35
86
8819
11833
411
1864
238
78328
18782
3218
575
185
3500
8
5
1714
126
4696
50
21304
2205
3
63491
270
12340
26282
33815
39
2959
64
16
7
15877
72017
333
29
3807
2608
163
24
12
75106
5794
11346
132
377
85192
7
1944
16
2300
3
31090
10
60880
17
218
177
20428
33
3
4318
3086
6
258
1079
5327
23171
44
98
45372
55975
9591
31
59
652
680
2398
7774
76
3
41717
34
4
49348
428
22
13
551
14
5556
992
111
94
2720
54
6854
6
14
48
11
16558
37
5108
11
47318
18009
740
90
839
88846
4140
5
486
100777
1035
42
43506
7
1126
4
2501
12870
73
3650
201
952
19
8
6572
4898
22218
18
19
1576
79
38355
137
347
69055
96632
3356
804
1643
28585
1332
36778
3970
306
447
17268
83
52
6
46
507
13
10003
875
58376
6302
1174
10432
27
4
53673
4
170
13422
912
319
40001
8
5
228
27410
10
102
25201
3
1277
7148
15
1224
21
2027
7455
25
293
192
466
15224
2
8108
10879
2837
121
3
248
19587
1449
51465
9197
30
156
4503
1787
1511
67
1389
66215
29811
32424
12
362
3
9
26
13997
81688
209
709
24165
143
4
281
