2000 3000000
378
366
665
511
960
963
839
936
662
526
547
836
750
612
450
646
702
441
849
792
356
840
791
634
827
403
450
584
706
391
965
465
409
519
828
926
501
765
492
362
904
374
621
581
591
618
430
334
448
516
711
343
972
475
862
683
534
820
393
551
689
724
806
787
920
906
334
409
420
421
347
963
425
488
878
860
924
767
496
397
406
407
678
611
600
333
705
509
681
593
986
951
562
659
565
585
371
530
353
733
895
745
527
912
444
432
516
365
729
500
395
640
407
549
694
845
385
822
958
933
368
582
733
672
864
456
559
780
707
624
417
958
475
645
731
506
685
401
420
992
419
891
415
624
348
706
686
608
642
333
494
870
384
495
719
704
978
561
762
372
630
454
344
781
392
452
563
752
365
714
776
876
362
600
368
885
343
333
929
802
412
457
454
333
558
384
419
522
935
844
752
427
976
655
338
913
408
494
403
527
383
828
362
713
944
517
429
889
579
453
392
747
373
441
687
478
545
513
984
418
968
712
698
483
615
777
411
935
605
622
794
599
376
645
924
430
967
575
336
877
625
789
595
364
387
508
526
819
447
502
827
367
999
553
350
703
959
502
750
378
337
575
405
523
834
520
937
560
390
392
636
549
861
564
861
585
717
439
975
814
996
710
907
982
415
417
420
621
932
824
799
774
971
814
820
529
370
497
590
346
408
668
626
446
345
722
488
362
967
380
903
701
622
916
475
643
558
450
352
442
469
735
484
771
803
404
576
522
964
578
791
533
460
473
961
519
862
574
491
836
713
943
381
806
386
749
385
585
591
339
358
888
837
422
899
476
444
469
354
632
654
587
763
925
531
553
334
605
597
857
911
955
763
434
366
354
664
881
738
795
893
357
652
912
387
382
781
788
785
504
397
683
612
636
766
779
923
364
798
538
700
491
688
586
400
482
427
627
865
354
696
484
680
648
410
422
525
532
439
925
547
369
497
592
430
579
555
399
816
648
382
626
987
896
847
349
388
571
805
506
428
888
427
561
765
674
446
446
825
744
614
871
675
495
468
631
934
484
544
575
604
544
391
711
417
614
654
882
744
411
370
371
903
361
460
511
433
335
423
592
719
834
416
545
490
385
712
503
848
742
838
600
649
607
728
449
711
930
433
437
785
405
490
830
799
406
816
455
408
596
609
395
339
492
923
714
376
335
900
515
386
354
432
444
396
594
960
699
519
532
351
663
370
563
598
885
498
881
684
657
542
812
727
734
476
815
625
818
357
538
728
341
436
536
494
458
375
473
867
921
515
691
949
527
966
750
443
926
516
568
540
360
384
355
349
773
693
850
479
567
338
515
399
668
348
445
520
428
496
853
480
633
708
360
656
553
898
980
940
376
669
583
990
939
554
718
449
369
582
699
910
511
854
379
691
493
452
874
664
588
528
507
387
871
894
808
845
725
760
415
566
872
753
414
347
689
373
874
665
939
673
941
669
387
843
353
442
755
350
523
485
698
760
653
435
636
388
358
637
355
766
751
868
609
498
990
918
628
373
671
337
370
436
535
463
368
491
867
906
510
691
371
372
566
850
832
429
396
892
560
829
887
623
588
445
529
367
905
522
553
418
897
664
689
599
677
759
821
375
754
512
477
797
610
500
943
542
429
446
346
419
642
390
524
788
822
373
835
462
500
351
560
954
948
467
983
741
381
390
653
654
414
743
628
893
407
611
485
493
764
932
785
458
879
748
974
886
610
366
382
993
634
443
437
521
811
682
639
855
858
405
892
646
353
745
379
617
489
630
416
386
475
399
658
830
620
576
576
533
759
738
500
607
378
819
679
559
601
452
848
483
708
335
762
465
632
620
716
414
461
407
961
453
828
776
884
445
767
616
707
705
565
982
618
492
681
817
394
411
638
695
398
739
394
466
633
436
423
950
908
804
610
804
957
481
917
608
358
391
681
393
379
927
418
863
471
556
375
404
396
825
344
624
627
746
393
358
342
447
649
986
525
714
357
543
813
645
779
768
387
389
641
413
345
464
426
807
437
606
896
433
674
408
852
945
756
938
491
517
544
802
567
910
911
546
366
671
497
459
370
344
695
780
584
349
356
872
377
991
887
393
743
592
593
426
586
979
639
454
359
583
451
658
384
512
381
415
421
342
940
680
466
520
891
635
364
546
801
429
882
976
462
533
709
879
805
734
345
509
840
344
530
337
436
372
823
566
528
901
859
448
378
580
846
555
464
485
862
693
465
549
806
341
723
410
456
402
439
602
571
666
547
534
338
631
477
858
674
362
424
402
907
642
529
738
717
637
381
389
902
670
383
431
687
619
954
395
973
403
375
802
440
453
580
412
546
604
581
589
865
424
569
341
545
979
508
424
567
771
673
812
671
897
900
798
779
582
476
336
651
385
696
487
793
460
523
489
604
459
439
841
380
555
482
758
455
417
770
536
386
931
337
598
550
890
398
737
514
831
989
902
470
403
694
347
530
568
508
666
909
789
690
398
840
524
973
394
578
428
532
612
460
461
757
898
426
846
970
847
535
709
473
416
467
431
494
917
952
707
406
397
551
501
769
810
644
629
1000
356
377
356
758
552
887
359
423
720
596
588
667
376
915
432
617
678
345
602
702
505
486
481
556
379
572
635
809
483
423
720
472
343
431
635
451
454
748
441
860
964
704
921
538
348
936
870
388
564
603
978
556
414
340
410
859
437
486
496
346
739
348
991
543
790
427
425
639
740
462
660
619
393
656
463
333
915
444
737
704
452
676
606
559
833
440
736
844
937
459
368
479
518
398
672
839
468
470
778
577
417
623
480
575
792
481
652
359
851
357
339
938
616
342
473
432
426
866
413
525
368
783
374
557
521
503
685
435
537
778
997
400
749
965
770
457
466
546
715
753
348
884
701
644
360
421
679
686
728
550
440
367
842
344
948
795
573
838
775
548
490
942
412
363
443
710
570
686
478
483
683
919
512
449
438
705
834
479
519
340
622
594
894
930
981
518
969
810
577
401
656
448
394
625
853
784
800
404
623
488
613
438
477
360
360
768
796
447
400
351
419
988
895
448
767
499
401
515
747
880
472
541
868
630
603
823
495
346
569
374
503
420
595
428
754
615
492
551
440
996
846
638
434
776
438
359
663
413
998
466
971
550
341
338
334
361
486
602
388
640
993
549
397
562
524
474
670
510
773
783
441
401
381
676
841
764
765
347
450
933
660
729
718
977
539
409
632
922
983
713
987
352
367
531
377
797
572
361
390
736
411
474
345
570
409
947
574
761
558
877
352
392
355
732
722
626
873
927
383
837
405
537
514
468
724
675
854
456
463
463
823
901
659
690
530
341
675
461
442
425
453
678
335
382
772
692
611
478
421
537
340
469
503
968
601
851
647
506
578
502
807
420
594
518
720
565
790
959
649
499
949
399
474
336
455
377
962
581
754
616
371
650
795
875
735
374
699
904
709
953
977
470
655
435
350
402
367
700
349
521
438
391
929
796
941
517
380
455
615
629
905
403
782
521
487
562
745
383
621
613
684
726
590
351
430
343
470
772
472
456
416
350
643
339
541
458
434
457
379
793
369
498
338
449
684
651
412
369
801
505
634
985
953
540
667
338
342
431
751
599
886
864
480
852
373
579
872
583
346
405
437
548
818
746
647
800
832
388
798
418
376
570
350
552
640
396
510
355
619
375
363
340
554
536
365
942
661
382
508
723
395
589
876
539
878
650
855
524
505
697
587
918
889
808
890
660
401
663
908
554
743
459
514
481
507
339
994
680
498
394
992
842
542
458
447
413
380
786
770
944
464
402
657
883
883
914
598
461
916
467
526
597
607
427
391
732
721
480
400
873
726
366
718
468
673
697
351
869
485
814
359
995
528
341
815
730
666
528
352
856
995
377
741
740
741
487
813
596
513
628
613
424
826
471
826
385
650
727
849
998
371
782
821
817
540
361
593
336
952
659
396
410
487
464
389
633
875
920
677
734
583
335
627
810
972
507
374
759
565
791
502
509
433
465
618
955
333
922
899
786
548
443
569
572
365
584
563
422
722
489
349
517
574
969
909
476
457
647
716
646
651
543
344
803
424
736
667
726
775
703
363
661
725
730
811
568
757
570
384
399
451
398
668
829
533
336
580
606
353
472
782
597
412
539
857
975
601
715
594
824
757
363
856
788
573
348
644
434
989
560
354
488
512
774
535
962
357
853
670
716
510
692
863
697
526
773
495
658
631
928
482
692
609
835
504
557
484
499
695
501
432
506
589
784
641
794
363
561
603
422
479
505
364
595
777
951
641
956
365
356
587
984
404
747
761
352
493
724
446
577
380
535
682
410
343
866
787
354
406
819
372
590
934
869
756
489
355
742
445
552
880
731
389
435
340
337
534
471
605
914
970
586
730
694
531
591
688
913
538
945
478
950
513
687
451
614
985
543
947
467
919
997
752
661
662
769
946
620
700
442
514
504
702
571
652
334
721
474
347
469
390
677
415
497
557
762
831
833
928
655
956
353
980
556
361
809
335
364
358
342
843
425
573
638
369
407
564
732
755
608
540
541
