10000 10000000000
210199
302734
67813
800194
507022
54101
650379
634004
251050
400636
702506
739042
464357
809369
158500
76573
343901
712055
60615
998201
262133
273870
682153
58192
77057
547660
53040
644551
63863
74870
161621
699772
53375
368026
808398
115117
53761
290718
940352
98963
315625
51472
177586
66923
89959
79666
309530
685230
982455
481234
318574
364729
133627
706946
343695
175678
84062
674826
113098
238639
147976
60180
699352
174313
734621
195538
68282
767052
71468
158357
876603
588722
671796
288200
274528
538698
285703
499923
154834
53922
970445
426688
205275
145249
114772
436529
153539
121796
275932
74399
87143
783330
969863
812288
374486
98283
628700
347531
231725
430546
156468
323097
211147
111347
816931
62649
156421
199867
300291
346074
80580
100942
411971
660208
772131
169110
94212
756086
72266
604653
72309
306113
180378
519338
89206
408771
144251
981866
121650
674219
58507
178333
737934
183709
131558
852996
856072
89662
933606
162642
820862
739485
202219
156985
356186
181572
320587
235722
885591
101367
78058
248726
600135
249474
50981
366924
105051
61108
92587
935569
58122
149673
166343
608292
566374
191762
94836
99768
693919
489681
732420
276180
371688
708007
297066
128786
500373
66046
392664
469259
387282
993123
108772
397404
414575
429643
558444
329262
767512
153354
802839
205830
64229
193437
149001
409630
222328
157977
703139
470951
303461
65395
634574
121943
550460
147135
299302
629455
87431
91538
248503
339290
57861
75027
91181
134673
112488
54754
410984
360703
370352
985111
60761
241375
258541
325042
370241
919155
509920
59036
215175
55933
609570
74757
363527
538536
53263
287250
866927
90854
324847
574934
147489
160847
314302
67266
84847
94269
671997
711627
116857
122016
79571
657638
51149
635146
104611
115567
484857
63940
286390
400396
113710
352889
845100
385197
134956
383582
69815
194952
890119
399316
288286
177959
384504
266574
944310
641657
792312
96820
610669
57757
634955
400036
914754
71489
57931
572352
203864
73777
200769
146343
71232
632484
893329
690389
90772
55598
651159
122603
102868
469540
89153
928857
99948
183764
126223
444858
239428
250900
186597
790412
206201
91840
216600
202462
163817
90391
291679
588016
103116
198314
86934
64132
398837
111280
81089
754500
684614
908191
317429
669984
302280
882143
81357
616744
69752
98401
105938
161040
324652
457444
457718
250298
84213
164606
166393
75433
90908
658823
191187
437972
763608
464218
641465
178708
222395
995808
575969
69899
60488
501726
127824
117419
72244
89340
225214
197958
264900
404501
56727
678683
156891
237996
420462
146694
129872
254997
222061
960021
869010
514067
81162
209758
241810
521523
379234
875815
52454
923024
95808
130497
217577
55498
70785
144858
300201
55448
138442
266175
172751
144207
58877
565355
54968
735724
158547
62330
933326
339188
54492
86804
141211
584323
217773
201493
159597
162935
118587
119409
199747
167445
169263
756766
442860
994614
912561
220998
72439
63045
177532
152712
120959
260878
152209
58665
922193
315057
80822
273706
397285
104925
724770
136832
170281
323388
56235
456484
233330
306205
765443
73314
62256
147666
152529
137655
701453
50131
69273
112387
777944
429514
77801
74177
247164
88699
125845
930251
298227
99023
567394
70679
393489
548976
582748
463383
679702
61902
284933
701664
200829
844340
662390
133107
75751
175099
57291
58947
275518
179299
181954
506414
256763
467713
157457
60743
66006
321454
165199
471375
710987
695586
180324
132788
680110
153217
116332
112624
510992
403168
382204
461303
83433
59677
421978
870576
78905
190901
115359
983930
120488
279598
748862
100640
225891
493367
254844
85537
770049
78292
184427
285361
405108
658230
392782
760408
127632
947716
494108
563493
282041
73866
86492
125732
146738
121395
57085
135321
191359
964929
64945
653704
72679
122824
433917
743936
433657
83860
59516
157504
379576
447803
208503
175520
909282
174889
978338
65670
301555
400156
165944
53648
590137
107991
379007
341741
579088
73292
248056
610485
91923
433397
451174
79119
843833
790175
120597
424391
219874
86233
139233
272477
278928
254081
377531
192511
334038
99291
549800
204538
228687
144034
199149
362329
568758
66843
402081
155625
963194
643972
231934
540316
466452
50116
177639
152437
52282
446328
53777
281450
759496
392075
580479
180269
891455
59498
51027
215951
83358
148065
51503
121432
63215
260565
160029
136136
250373
86726
837277
490416
525923
61292
733520
76092
70277
870837
427714
841053
62856
242682
158167
481379
63615
71062
159358
284335
403652
722166
572696
153723
210893
219544
606470
320203
84618
613607
239141
343489
160317
386934
227182
447535
99201
423119
298943
190157
128516
655471
148243
111614
474924
60870
612871
278092
421472
798516
165051
79048
292380
288373
68426
407424
62461
626629
397166
415447
222862
55765
54182
230547
275023
199209
960309
117490
559786
670387
247461
776079
825306
199927
59928
214724
543568
409999
329064
607016
72722
812531
480081
184704
551286
555270
521054
58824
535154
167545
64809
92837
72657
837026
62611
372469
819631
283909
64615
257766
65082
297155
279850
148733
599595
342357
438761
231170
887985
346490
972485
125468
53439
58489
488507
118126
715910
90337
331641
199029
486606
117068
349727
263237
305287
935288
581176
155719
78575
224338
732201
157788
320972
88540
992528
88460
145380
65907
310460
348784
350042
114326
787808
769587
77405
83034
314490
767973
680518
226842
133227
76367
73644
137903
337766
88274
316383
228275
80074
295112
748637
546019
59570
126147
101155
68508
136996
478499
745276
167344
96733
51550
71126
205091
482970
925241
123452
413085
113846
313925
865368
169975
49876
168301
280438
50554
212290
70193
638393
792787
54787
196243
507478
57463
543731
120995
56557
227387
56000
330251
622507
68631
197839
317048
694752
485003
149493
56914
52329
579609
174365
73578
102807
358868
244070
253929
332039
106479
67205
902217
136504
78339
65611
68755
155999
277343
645713
160221
205522
262527
526396
735282
898705
63121
822341
497231
77150
403289
117701
119015
182994
106735
141677
75728
212609
96878
810098
114876
55398
388329
76230
139442
184150
150890
344727
61310
128477
100700
52078
170332
72701
432099
84339
536279
149404
69836
94893
451852
919707
77266
194776
246202
53745
108251
156327
502178
54803
241448
104957
95264
100308
94043
164803
110847
132549
521680
100761
91675
144380
64171
749761
165100
124867
627570
113301
689974
429385
136791
362765
67589
68467
202766
805977
124381
359299
664380
502027
124419
315719
108218
277509
165845
305929
893597
370797
453345
574416
56625
165298
477925
976578
189133
698095
195714
539992
333337
136381
202644
276761
206883
169415
94354
77358
128709
687083
860966
398120
659218
102314
167244
367805
715695
99469
117984
178976
107732
464497
80628
88327
619712
111013
886122
129483
151571
308973
122236
291854
701033
528770
748188
233891
138359
203925
67468
309158
214273
71984
165596
283739
178279
975407
154370
92061
158310
59552
206945
101855
263553
233961
241014
189247
890653
219808
929972
288027
770280
145424
76252
772827
234523
498426
337665
468415
92782
131086
142658
202341
159741
249548
82860
726294
519649
339086
998501
247758
429256
231795
91510
74802
62875
60253
374711
127747
60962
57567
64829
784506
64693
308510
449553
218690
448879
238998
236572
979512
308325
537729
107024
319531
147843
339391
213183
366044
280775
71254
57446
338172
146959
288892
901405
654096
56897
490710
352254
765213
134109
304282
817176
271009
199328
106927
107152
325530
326802
690181
160413
164260
117772
259162
90500
432228
308047
350463
638010
283143
289673
142359
115741
166493
260253
163082
179514
87773
92977
769357
356293
627758
162984
126945
900324
244876
80532
73999
645132
63462
147224
104235
114154
123230
140155
79190
209067
390666
182446
504594
334539
694127
95007
685024
105842
501576
840044
140408
81749
59160
322904
90690
810584
522150
278844
121541
628889
267937
410614
174470
184371
673006
704829
125807
292731
59089
291591
52094
208879
101580
503687
99649
216211
430804
620828
54036
80026
477782
118979
92698
185704
437446
461026
122529
170486
76207
754273
95121
88195
52897
818648
753595
236218
90148
312515
68858
290544
286218
274610
474354
84974
158785
73910
239859
134714
131440
52360
283824
80774
52929
975992
378098
401238
226162
55249
75705
827538
89313
234453
155159
151026
77242
728476
776312
991932
478930
191417
343077
53616
79356
56354
248428
792549
140745
56050
158262
351199
195479
842063
84036
438103
274693
69439
420084
536923
317524
221728
333137
85306
120344
51318
990743
51891
67346
214595
162204
191992
218624
143991
501425
540965
115394
121760
56761
505048
52881
217055
321550
94808
986294
218231
387399
313360
764754
719355
181845
109821
396571
590668
520898
603022
204599
217969
54951
489534
125318
95895
134875
236430
497082
886920
846368
50026
211083
193263
310273
935850
241303
104580
75864
86856
692255
483695
252183
937536
112793
373476
592621
562479
591023
115706
448476
55681
670789
407791
841305
312328
77498
967538
54345
585727
173999
69210
264741
93284
93733
205584
133747
72744
67731
341229
134189
923578
186541
261113
77847
102039
125393
708432
239069
211591
109591
198791
816686
71575
63787
59731
173166
889585
149898
339697
97812
147932
516696
474781
356079
232352
182008
319627
128092
903571
159310
363854
438498
116997
520117
166243
54410
568076
971319
115984
958007
101733
78081
205214
930530
59785
398359
906558
872144
161815
161282
440740
782861
218886
320106
54312
95092
432618
128323
128941
143173
999400
632104
449958
210577
422232
174418
265856
426816
154231
554937
678276
144945
586255
666176
240364
89770
856329
305837
163425
626441
69003
243047
135646
355226
119552
147356
695169
162252
150935
142316
187495
161475
51658
120814
135159
859933
754952
287078
111983
408280
329361
75252
97930
65043
152941
736386
99529
73050
306480
618412
98637
61053
86570
73160
241883
181681
50645
971610
80242
157599
221462
60235
237141
81406
752014
389847
393135
91455
421725
120163
255150
116612
132907
53729
260097
394080
78645
475066
763150
923855
369021
89447
813019
747515
159214
61920
81773
110947
57740
166693
101489
317619
497529
589252
428099
925797
146782
527186
285789
950278
115048
108316
244436
577180
320395
806702
351410
50403
967828
600675
75637
99619
448207
163131
368689
731761
628135
55183
226366
71618
838534
591200
510533
446060
266015
60271
726948
330648
90717
132311
885059
56489
230339
78598
57532
697048
176312
165745
555437
155299
268259
833267
98697
141933
75230
288979
546675
225959
57584
69710
97315
160943
766362
82562
89824
68652
632294
980688
159024
192569
562986
358330
380602
233470
483115
67366
547331
136627
94751
921640
335947
134916
605742
773058
104737
863553
91099
102899
394435
113165
176523
346698
244950
327980
337867
264503
112556
139526
195655
104079
614159
268179
100068
77521
145555
183159
88089
142615
97373
761092
73380
249698
649793
931368
810827
235228
311019
226774
148376
310553
303006
54836
880557
127250
503536
593688
99918
130889
416820
501275
335746
792074
119911
75774
73006
729351
306756
60779
61939
209695
49831
131361
101306
245023
493664
252637
786863
684203
198076
216081
259318
187608
74288
111681
273788
218493
94071
557273
411848
232004
277926
509462
230754
150393
62162
265218
183874
106033
543894
245538
144121
159071
234171
358437
584674
284847
194426
351832
663384
485585
116228
240147
709922
117103
402202
184870
139694
679294
111180
53423
215628
931089
71318
442196
336754
603747
358007
680927
152026
970736
414948
60561
202280
56117
71275
95292
281619
252334
86700
73888
75479
598696
342768
541939
225620
467012
77917
67064
278426
799475
79237
110349
961173
778177
64499
621574
201191
86466
455117
403895
130850
303097
381059
672199
135118
130929
581700
76919
741485
144641
191532
946579
52125
102192
251654
104674
361569
61273
590491
111147
118303
79810
185481
350989
496634
641850
602661
125921
769818
195245
67752
56404
545692
489828
596545
229305
491300
480225
189417
244216
502932
145817
180053
54003
567224
208378
63558
107636
81553
85486
61329
82339
201311
66743
201795
69920
61458
76688
534512
445525
111816
86129
99978
768895
679091
65986
115325
227046
327882
54639
223465
439683
243850
398957
523876
157174
210514
484566
248876
156234
151117
93452
80604
206573
177479
97607
325823
310180
98756
795885
171049
763379
56202
93200
53136
943178
681744
794215
55431
624752
524347
230962
160895
762006
511759
208440
88116
75819
98312
605924
205399
84415
115880
372581
309344
123637
331840
67145
303734
388912
237354
415322
57377
294758
132748
269469
433267
149583
177426
374823
753143
593332
647264
51813
347635
969572
952276
266095
686053
58577
58000
66543
107797
463244
288719
484421
730445
290195
127785
187102
54852
209506
940635
167093
980983
231656
207007
72548
528929
56168
406082
229511
111080
132987
213632
443392
64075
896551
117278
611218
582398
138525
185537
301284
67569
259785
251956
87799
108543
77731
705040
227455
481668
287854
495147
435874
255380
576488
65454
874502
327096
413333
191302
238711
81602
450769
99053
805252
56829
655865
487190
108348
143044
912287
230132
242319
72006
279012
50889
237853
68549
192916
564169
225350
89019
140661
55382
104141
145119
487629
55415
153308
340207
239644
817912
885856
193786
124643
139652
145032
55581
224002
477495
68817
58841
75005
163719
255687
318669
121068
97549
179837
60925
296176
62144
220865
561805
51457
66943
233750
350883
52063
63710
754726
811557
295466
253700
914205
177160
50041
618969
123526
374373
89046
63749
531155
348471
352466
84238
172803
637628
720651
657046
251201
314396
194193
171563
151662
110648
122971
118694
273624
654293
139317
314868
809126
95493
516231
398718
104048
73667
73689
505807
463940
430417
127594
52376
90229
266654
378439
134391
218755
324944
143689
59856
476065
239788
246128
384735
263316
374037
51364
959733
82389
197010
393253
98578
404016
109656
78763
868228
99112
83709
65493
582224
745052
737049
131835
648430
504897
298495
291504
740818
850951
183985
496188
669382
813507
110548
529405
61035
880293
652137
263474
66903
454707
532272
579436
340718
462550
75162
276429
305196
524819
56506
182118
195596
88010
90419
97169
70891
61605
663782
525292
204354
122419
362221
118161
110614
119516
271661
839037
385659
208628
67894
71040
217512
777244
85000
89582
57619
134512
58349
403410
98519
466032
146167
772363
138775
889051
426945
312047
75411
55849
181137
630968
106256
95350
132628
976285
94410
53088
853252
597440
155252
282380
889852
945444
785684
64344
249998
181028
120019
695377
856843
95722
452802
915028
71920
864589
305471
418951
187158
76596
52992
66165
888518
385428
674016
682563
113949
233050
300832
82984
76024
468977
728695
88380
130575
809855
221130
135809
78528
859417
119337
148778
106160
308788
350147
60126
444324
596008
431063
57515
127173
70172
320010
696003
154602
510073
61439
967248
991635
51442
653116
55916
196832
690596
220600
707158
329657
52865
163229
250148
119731
61753
49966
269388
59356
890920
309437
539830
148555
957432
189361
81528
71404
637245
224742
584148
129600
525765
855815
155485
500523
87746
441136
137531
110914
190500
50615
397047
683587
135891
525134
169060
103954
119839
864330
84898
85153
332937
605016
731103
270847
206449
523090
529882
500974
355973
289586
190614
66125
255533
113983
281281
151207
199987
145992
204109
334941
121833
177213
138193
205645
940917
123008
53536
263869
971902
165547
54084
134592
302099
297869
123156
241593
669181
82290
725640
337969
50919
293082
103923
864849
262606
530518
580305
828531
94637
371131
987479
120633
61365
540478
827786
78175
174942
245686
356400
379120
85460
51195
121577
250975
727384
716340
146606
260643
70319
130184
593510
51751
77474
141041
632673
691218
64926
135078
180811
320876
286992
293434
670588
602842
50011
369797
296621
909827
58648
126678
465333
67549
333037
683382
114497
534833
77544
170026
766822
55365
390432
315435
178761
880029
372916
116437
163180
219281
423754
62368
139150
619526
212672
56387
222662
833517
189588
718923
276015
382433
160365
60217
102376
601577
372022
342152
57429
89233
170896
318861
609022
87352
188115
332837
756993
460335
949708
501124
62593
58052
202705
119301
58262
124009
124344
182063
194018
458818
444191
561299
169466
296888
102253
768203
458543
518248
81504
358545
280607
359514
600855
55798
67387
58035
345348
72028
88992
53295
172234
747964
617114
322033
95064
750661
799714
125694
192973
611585
110747
65848
265298
103456
54231
140619
261976
64422
132390
83059
131480
927465
98371
242101
82612
259941
715266
403773
651746
629266
775381
850186
758130
51643
434569
255304
285104
770974
565695
323291
269146
61995
340003
881350
119444
204293
196302
783095
446864
135687
50418
545037
177319
681335
684819
114394
512989
125581
530200
564000
961750
353313
286132
136750
97081
650769
658625
220667
223599
60652
131914
729569
468555
154324
198672
377418
326900
52439
301013
59534
168402
394672
59874
587840
168351
526554
178386
185259
150619
550956
168200
62499
802358
83759
53842
779579
204906
83184
92726
498575
207131
124718
142402
914479
63672
79547
55348
362547
125656
314113
334138
386122
211337
96588
103394
352572
55531
126640
128131
675433
193902
198970
672603
873191
79071
155346
217381
947147
158976
506718
376401
372134
50237
774451
70510
70976
60524
86078
328177
108446
561468
399796
196714
79214
94609
685641
103830
370908
383928
110052
633623
99828
282295
635908
73490
86362
237425
540640
598158
88513
609936
781218
242464
354693
50524
50357
458131
179352
143646
57394
611035
164310
321936
336250
840801
115014
53167
62443
170844
87562
409261
599775
94921
101916
150574
133787
392193
65258
103332
368137
217186
67853
78457
108641
223733
414699
129833
52976
479074
329756
727821
271335
945728
121213
55832
105779
860191
117349
92643
77451
797319
777711
745723
201432
242901
975700
103363
113369
828034
82736
82216
349203
431581
705463
53311
228824
52945
536762
246794
165348
58718
416445
128054
285875
244509
478786
314963
962327
179622
60889
790649
888251
738599
56608
369353
470527
609388
312891
220336
393962
77661
412714
65729
257457
439551
51565
461441
359406
895207
345141
464915
518093
832518
120199
639543
138650
322226
419580
176576
311112
63310
87588
580828
98224
69418
749311
459369
789938
310832
137490
100550
270035
852484
878973
85434
598876
471941
724988
636290
382892
714837
596187
550790
92532
105146
383007
951990
306848
736165
574072
170639
133427
56438
52802
126337
52031
445125
291942
229030
215111
858129
609205
240436
277426
284250
407057
641273
175415
121177
158928
72613
176047
269793
824317
630400
94552
161863
71083
52502
168908
69941
191244
151389
93228
355013
565525
67528
844846
214982
218952
122861
199687
82315
117666
100008
434830
620642
98136
81577
683177
772595
74601
123674
374149
85511
233260
64383
660802
244729
424009
686877
92116
272559
96039
143388
126413
83408
299751
49981
536440
416195
744382
382089
301103
202949
78787
959157
84137
887452
295998
926630
802117
344831
79452
79261
326018
503083
666376
246498
310087
95521
149718
104831
50600
201916
70214
103985
229925
81994
101947
957145
244289
212354
328670
158072
80387
62480
258929
272232
126869
75592
123304
152163
406569
56744
432877
87117
309808
227933
616189
550625
871360
65023
844593
147577
51287
386702
306572
854533
416695
492924
612503
380374
928578
565864
116892
797080
383467
99858
348575
208941
262448
80968
130654
232701
141890
152666
194310
330946
449418
114257
52612
64306
749087
151616
605379
105241
531793
196891
329558
354056
345971
87379
296354
197069
307678
54590
517782
636099
60816
62668
337260
231517
798276
170179
200528
150078
747739
215822
114910
157835
51303
839540
78834
274034
730884
105336
213760
92337
867447
228139
265776
717415
298137
67630
304647
232771
71297
82537
126451
905199
79024
50191
891187
76665
698304
77707
185147
83233
505352
632863
796841
300652
569441
98874
337462
77684
243338
568416
280943
683793
968700
773987
534672
187270
258076
789701
88886
71168
88593
63253
138317
385891
145206
869271
58771
154741
75185
69481
115775
166543
364619
142274
581002
195069
178119
471092
566884
132430
139610
62293
313454
107377
63921
60724
334840
441534
874240
392311
249100
476208
103798
194543
879501
831270
400516
93144
63979
56523
456895
570638
336351
52849
50736
240797
131598
222261
150845
310366
102776
187664
928300
94694
811801
639352
113132
294228
78669
103023
61218
120271
59054
569953
638202
226298
141338
404380
107120
262212
399556
76757
130380
148822
949423
258774
446596
144424
68098
85204
347010
83283
273377
177905
200107
371242
64094
518404
588899
311673
100098
293787
570466
58332
269712
111047
132589
325921
941482
60852
164162
325627
502781
80798
565016
476351
875027
735062
526238
263632
103054
576315
322613
402926
419832
284591
137202
780516
90067
226570
954564
60108
287336
195127
358975
753821
59588
58683
128554
125355
131993
256840
52834
63653
617855
103301
177373
812775
219412
116123
112826
71147
136176
57844
56846
93592
397881
79930
405595
59659
822587
555770
482535
214531
182227
514994
795169
923300
73711
899514
166293
208128
333537
353101
219084
86518
130458
127709
299572
253776
355546
54394
92448
275601
365057
207878
869532
413954
184040
439419
152117
102130
78245
50327
96010
237782
419454
90175
54459
223331
197246
207754
458406
92144
90094
749986
88726
486898
150258
106192
109229
53713
771900
72526
328276
188171
532112
547003
393726
59178
147799
278510
111715
73799
212800
243411
160509
256224
211781
55282
85794
370574
903029
665178
59802
162398
64518
173843
56017
685436
164507
304008
124083
181246
400877
549470
99142
834018
577527
203131
920811
245317
643199
99589
541290
349308
329460
241738
386470
829526
659614
159693
65690
130419
536601
90581
68941
714408
55050
71941
207193
134997
116367
786391
981277
672401
168604
520273
465473
263790
221795
190272
245170
143517
385775
151253
898435
378666
298048
916127
144684
80701
83734
547496
114017
804527
71726
82934
209443
87667
490563
237639
312703
209632
423373
470810
429128
74199
240869
630589
449823
196478
851717
511299
855046
98106
432358
327489
614528
430288
58018
192858
299931
164408
581874
172337
662191
140492
377758
77964
82785
894401
622133
166793
913382
182665
367364
700612
230685
260956
882938
55815
82117
470669
132867
106639
193031
178654
295732
196537
532432
219742
220204
155812
661794
57000
50372
390315
933046
136545
678480
220468
711414
133868
169212
622694
226706
577007
186206
144597
548153
156187
199448
112962
63443
455390
325432
76896
65160
498276
342871
71190
575279
720218
62574
76942
420967
411107
435613
80919
851973
413581
96791
187551
214917
377871
307955
526081
166193
216990
167194
624003
281957
54361
948000
478356
79906
769126
344624
62200
115083
902487
253396
534191
575451
115152
525450
162350
81651
375611
145773
534352
264028
89420
830273
354374
849676
396452
65336
78222
70067
257534
126792
71812
129057
282465
124158
754047
59463
96646
62349
321261
633243
524662
221396
171152
53359
435091
249623
69731
158642
686259
109197
94865
278009
58384
49996
452123
836775
675839
120923
57653
67508
832768
100731
74847
684408
128208
77637
269307
180432
225485
305562
180865
213311
93172
82191
872668
108609
99261
349832
118481
217121
195420
56966
250073
277592
953133
143431
206635
778645
97989
148510
352677
135362
127326
320779
436922
53487
225553
642621
135240
179891
51272
386818
167143
101215
135932
212736
49891
814973
954278
456758
154927
773754
140534
324457
523404
68446
208003
936130
458681
171255
52219
58612
129950
164014
157741
294935
129639
59071
167646
203681
93061
714623
174994
281534
132350
136709
766132
250674
64190
135850
267536
76436
163768
107959
353737
765902
691840
193089
688527
319148
141720
60834
73821
80218
142958
130145
67326
108576
299662
147533
210010
332737
127939
911193
124531
351938
195303
124755
203375
369243
135769
83835
134633
758585
109459
386238
626817
270603
461579
613975
393017
421220
648819
342562
396690
254234
262921
284079
232561
140576
315152
594758
555937
412219
354162
412342
85949
157127
913109
584499
454298
989258
66344
109558
118374
993719
72853
728039
223666
126907
69065
459231
63596
149225
676042
160269
51705
146387
92865
129018
294139
180215
467853
107829
97578
384850
69024
150709
964640
179460
135037
739929
78929
102745
55565
243923
78953
273213
316953
397523
657835
93621
419328
80266
66723
583447
476637
238353
330449
90473
101763
185927
358115
155672
97900
408035
381288
130223
246720
81308
984521
133067
846114
490122
920535
196125
80507
656849
114704
117596
529564
530359
132469
360054
49921
781687
120235
53503
220006
102622
62969
667777
367474
643006
116402
806460
51519
856586
62237
766592
204048
74982
263000
67124
112725
473927
90609
488068
282804
138816
831519
175573
428613
86778
134310
509156
66763
92088
61347
70488
109492
68961
152987
56286
188397
789228
712696
222528
65062
135402
221662
560290
63329
764296
290456
997902
125619
102468
251276
647070
185871
106128
594223
67691
100128
266415
83785
196951
311766
153493
95780
185370
387980
151525
73622
644358
738156
949139
677869
542427
86388
180161
723684
798755
395976
85588
141847
992825
815217
96183
148154
103612
88966
475779
336653
411601
202888
340105
268420
60198
211527
108478
132152
402806
73182
511146
70256
189872
262763
67225
59142
573900
689767
69231
449014
902758
86414
921087
53215
289239
176788
72635
629833
79095
477066
621947
105083
86336
118801
109986
85025
750436
466592
228002
729132
287509
951134
79380
794692
712268
157080
77568
314019
476494
86052
442727
911466
152391
621387
566714
614897
57826
427457
285275
154648
983635
341844
925519
244583
399077
635718
210262
657441
315246
106895
104643
280859
126526
352149
193321
461995
573211
375836
91400
208753
982750
295643
187046
122566
675231
283228
244363
75660
956284
79333
87641
161233
373364
96559
909009
937817
526870
494701
417821
50858
499773
279179
112152
135200
61883
126034
130536
545201
922470
307125
123860
75842
59267
539021
241520
136914
130067
93340
161524
340309
583798
351516
252789
309066
81724
946012
154092
84542
604290
87195
917777
171409
303643
88036
486314
108283
85614
318287
431840
76413
143216
207691
418323
56778
54328
634384
99708
102683
90446
68221
119480
134028
290980
83936
55332
54426
64480
185648
115602
363418
59767
54885
63272
878183
81260
70235
104017
60018
784036
135281
274281
263079
104423
98993
130968
395383
557105
804045
508088
634765
66563
423627
196773
465613
91620
260409
210830
83961
384966
243704
79595
205460
76070
198910
782391
597261
164359
221928
872406
206016
487482
398479
541127
214788
117032
85358
894938
709283
150213
129989
50086
426049
829277
54508
454844
519961
278343
221861
409139
267857
174627
236856
516851
51211
321840
66224
337564
715052
549305
128979
368468
87984
239716
585903
70467
553939
319723
350357
109000
100429
191877
413705
64654
71704
520742
88142
518715
269631
51798
52786
93649
304099
436791
79619
374935
762235
65769
61716
910920
535636
92254
123563
138608
106703
470245
725205
333737
936692
215240
206387
177266
773522
96907
892525
187833
256147
346386
637436
411477
757448
65808
60998
448745
154277
64248
83258
324068
87852
70828
625127
286734
265696
647653
195362
207380
728913
140240
703772
280018
68385
215434
186877
127059
873453
254768
86026
101459
112286
165497
440211
92033
50388
336552
643392
50463
793025
548317
96762
131282
347740
944877
110085
86752
254539
169619
164902
814240
244803
241665
123378
420210
57705
61827
147268
188907
74377
275353
306940
448341
122162
168250
532911
363745
345867
918328
251729
189531
102529
352995
775614
322130
129678
307033
370130
453617
471517
50752
479649
85230
696421
87957
178601
206697
464636
178922
482101
578914
118445
515457
366594
121614
434699
175467
996107
376288
119588
347844
687495
764066
477352
138110
356935
73424
129406
72831
801396
201553
627946
62125
159837
183269
259395
447400
388562
96501
67427
427585
118623
170588
330053
348889
674623
77011
85076
209255
415073
652724
72049
790887
591555
488361
77104
376175
53793
91373
141805
485148
57550
656455
795408
964350
491742
740373
104110
98460
207504
562648
527978
510379
309901
494256
267215
475637
254462
460473
519494
107700
171615
130106
531953
69585
64965
786156
750887
421852
90963
512527
621201
87300
105747
341127
366154
376966
312422
865108
367585
200949
119122
87221
646294
260175
51953
963772
677666
80459
163327
323777
628512
231448
162837
70109
667577
354268
210767
113233
197128
495593
158880
79285
663982
98904
475209
219940
114841
354481
486752
90990
131007
838282
198731
55665
692878
137820
92476
392428
292819
261740
395027
191589
489387
85179
472791
129522
873978
167294
222128
54557
114738
410368
242173
106384
169771
509003
427329
441799
418825
141465
414202
92421
180703
95751
72766
87483
87065
497828
96472
107765
140914
123489
50071
114945
55034
504140
335142
718708
192395
819385
595472
303552
255610
571494
77196
70721
177852
355652
208816
354906
115290
69086
702717
83659
65887
232840
183654
495444
68528
547167
105589
62218
589783
711841
156046
936973
271416
858387
55067
57774
627193
60416
149808
342665
300562
230270
459507
538374
174732
875552
347323
964061
195890
358760
804768
502479
348994
63291
132708
113471
272722
720002
195949
78504
268018
284506
513451
639927
557607
730665
551121
111916
781453
432747
177799
63959
345452
122713
195186
741707
102100
219347
150664
556437
805010
880821
250448
666976
212481
85383
638968
429772
54166
156938
229374
866147
232213
181300
138567
276346
53632
649599
415571
318192
382663
78740
304921
608109
82636
318478
116927
166593
154046
504443
351621
68078
461164
94184
471234
688320
866407
417696
297244
139484
65631
151162
275766
671393
281788
137449
820616
53104
131322
58542
447266
83484
70298
181463
141168
122272
574761
70573
416070
165249
108935
174208
128825
703561
149943
297333
696630
53939
104173
248801
73534
80122
180648
213503
154694
962039
723467
978925
788518
422865
64325
281112
365934
331144
908736
108706
463522
849421
251126
150800
201251
413209
96414
479793
97724
179676
788754
654489
536118
378325
628323
987182
144814
127288
341331
105525
249399
607927
518870
103892
236147
475494
72897
891990
344314
110250
69169
791836
586607
103085
229718
82438
350778
77382
293698
868749
321068
65749
160750
314208
168452
621760
134270
361678
602119
394553
55782
67488
939788
716555
170128
188793
758357
595651
358652
115949
96994
54296
52235
65513
514685
440475
85332
83009
192280
425410
72570
267616
292643
141507
109788
223398
174784
424645
578741
189702
212035
160799
789464
169822
237710
142444
848911
864071
691010
64113
291154
76711
904113
251352
292468
637819
234664
697676
603565
264821
759268
661596
812044
955710
192626
376853
97140
93088
71446
89474
92893
148198
155532
57913
52818
162789
264186
234382
247313
74310
59196
295023
512220
83383
422358
944027
424518
109755
342254
565186
303188
59749
440079
64984
107862
717846
82711
945160
585552
266494
692671
314679
82885
90202
677463
79954
311860
57257
220932
171101
413830
575106
164704
201130
190786
408525
65434
731323
446194
361136
172130
118766
70130
280270
96704
394198
71339
858902
112219
49802
76849
678887
411354
435352
67044
96096
99499
596366
477639
80846
415821
193728
201674
675636
863035
519182
69794
884528
70046
63577
527028
329954
267135
233680
752691
121359
951419
860449
116577
694543
183379
228412
106543
115914
582573
72941
61568
55199
737270
617670
265935
272640
243777
140029
104863
395264
589429
226434
65376
76321
342460
877656
938661
72092
62050
90935
56252
238496
61976
270441
473075
569270
515148
487044
133027
307770
159406
62894
95952
359838
679906
855559
296532
397643
182391
190557
111213
197779
79166
141762
121504
875290
572009
715481
98165
68590
51488
88832
318096
52707
953419
299392
384158
621015
90364
89608
169924
211654
655078
308417
197187
589606
986590
109393
412466
90881
419202
892793
990445
556604
802599
265616
351726
154000
98608
958869
53343
730007
404987
171924
835771
87510
444058
72157
976871
78316
618226
921917
706310
196184
375949
453890
423500
572524
166993
49906
108381
543079
152758
331045
161669
485876
215692
167696
180486
364948
80652
75207
312797
877393
524033
97519
717630
592798
100821
748413
376062
233540
591732
54573
418072
963483
603384
138235
73336
120850
72374
488800
397762
230408
70446
301736
138152
101550
367034
64267
206511
323679
59820
107442
183104
275683
258386
366264
517316
331542
505200
59249
668378
125167
330350
124493
978044
774684
498874
125770
219018
577700
64848
109066
319052
133547
222996
165696
103147
173687
497678
360270
224136
67447
87457
89179
451310
73977
56795
192453
235369
256071
75615
84872
816441
78386
74578
292292
65474
85051
927743
414078
111581
540154
210641
72483
155066
60072
701874
102069
105304
697467
255917
676447
58806
77941
74713
1000000
473359
186094
180540
404258
168149
693086
344417
638585
52517
50782
233190
61421
511913
66623
557440
172648
113505
175783
912013
349622
345556
54606
277676
328867
111548
151844
733080
553109
762921
55698
493219
243192
635527
72461
496337
523247
94297
75547
851206
294051
71790
90256
920259
51380
64868
100489
60980
332338
704406
313548
248652
869793
979218
324555
61735
142830
74645
124269
616005
733960
905742
298764
128670
275849
123711
193669
315341
227865
115532
51118
78858
134350
969281
281872
52565
254615
80895
336048
352360
77173
137862
61679
50676
968119
366814
292994
539668
742598
261270
81920
388096
157032
489975
304190
398240
201372
726730
924686
73402
830024
633813
492776
96385
254310
157221
161718
811314
81235
70425
163621
338984
266734
133267
521993
189986
492037
576661
350673
510839
412590
788045
437315
60090
364838
241158
146080
60000
636672
234734
347114
563155
68303
68611
99410
770512
199627
101246
174679
68241
63806
525607
179245
446998
489241
915577
373700
62743
791599
533711
249848
651941
223934
279347
92227
101337
242246
823328
79762
494553
854789
170947
694335
59480
431322
108902
163278
148867
807186
130341
97198
821847
493960
332538
92949
76184
103643
238568
200287
873715
231586
560794
775846
132231
110217
154185
83684
88433
105684
159549
152574
708858
487775
662788
102499
228344
837528
981571
665377
153631
271091
354800
66984
682358
829029
214853
516386
98726
872929
294846
218427
121141
702928
258696
69857
194718
287681
272150
322420
946295
190672
658033
503838
366484
404865
84087
353843
102838
556938
110681
122640
463800
258231
104204
193960
70658
94580
111849
344521
113267
918879
783565
112657
948569
188228
144078
277010
238139
170435
286648
578047
232980
71532
224540
96617
293963
749536
58753
722382
404622
101185
136668
123267
164458
527661
491890
127364
65102
185592
77614
191704
96212
171306
170691
147445
208565
343798
183599
83308
813995
134795
334740
285618
99171
922747
668579
158738
50207
436660
57205
271987
61145
114566
317715
591910
229787
383352
402564
281028
60361
135606
647458
966958
136463
81871
67792
163916
127517
252713
417446
524977
384389
82241
727602
74154
476780
215757
62032
69252
716125
664978
897896
136586
128400
241086
100399
159119
78269
127097
574244
59391
866667
109361
51969
636863
75117
88301
512681
539506
84466
984816
200047
571151
319914
682768
237497
51349
977457
60943
54198
742152
361461
242391
144554
373252
55166
52533
821108
200708
457993
562311
69878
738377
380716
597978
73954
932207
85127
115498
569611
538213
735944
121032
780047
359946
61017
528136
82265
146211
61661
80435
278593
318956
732640
863293
57274
500223
741930
124830
54721
845861
64790
312141
53874
918604
142231
63367
303826
82909
568587
150483
233120
78011
172855
193611
252561
264107
652920
272068
188850
186373
647847
767282
119947
57412
119983
100519
87248
90283
192800
104800
430675
112759
256455
343592
173634
187720
63481
285446
50660
182774
879765
505655
268823
235581
175204
167897
63825
131756
120669
96675
261191
893865
904927
584849
54820
752465
120127
420588
895475
640503
189645
93396
434178
537406
328571
106607
73094
400997
125092
670990
296087
410737
59623
216535
77777
275270
134149
410245
108089
510686
108804
72287
326410
190329
93874
587311
102407
558277
943461
553773
899784
551452
53072
596724
219149
68405
239356
751563
623067
98342
190443
709496
56693
62536
101702
206821
98047
285532
76734
186485
774219
174261
173374
676853
97023
50222
251805
437840
300742
83559
456210
91785
69773
88939
218034
991337
88248
361027
351305
154973
228893
129367
106799
280354
277176
231309
151298
567054
733740
313642
136217
731981
192684
429901
55083
52423
164113
387747
188002
82488
126830
448610
425028
253624
642813
613791
520586
255227
214145
72179
61790
147400
92282
161766
331940
75388
485731
229099
361352
94325
822834
401599
169873
79523
56863
341434
53199
759724
224944
620270
282126
114120
51395
97666
405230
97286
107217
64906
57326
484712
101672
268340
58454
107345
117737
614344
62837
96849
327292
166044
267456
887719
798995
66324
54117
387631
910100
116019
915303
136873
95866
54935
147179
887186
438234
458268
122199
99350
257612
966378
827041
829775
346282
464079
270360
343283
239213
68139
139819
55481
517161
511606
84923
213247
195010
207318
314585
457581
339595
273050
746619
56151
148688
63158
184537
301465
233400
66483
62687
51938
323485
196596
94779
327587
91346
800675
76780
480513
189474
124680
107668
106447
290805
712482
133307
273132
537084
443924
91868
146871
383122
260800
376514
421093
55865
551948
79858
493072
379348
68016
344004
101611
106960
141126
119158
53825
558947
954850
54737
559954
184095
609753
192222
72201
132073
51627
279682
188454
84669
157551
406203
304464
52172
554770
81065
65967
80363
225756
669784
175625
106352
616929
75501
168099
151343
70383
91045
617485
462272
211464
155579
157268
124568
583272
200889
460888
188680
178494
577353
368357
146255
129755
87694
410861
282549
380260
157363
111314
292117
523561
89905
396333
176947
906286
179084
95636
130028
533551
196420
135728
226978
70764
209947
136299
128439
287595
728257
857100
108968
52000
91017
826049
111447
119265
462689
68262
368247
373812
62518
55715
232422
93256
300021
623254
106511
295377
149314
646876
76161
313831
390901
91127
83534
531315
395145
190958
149359
124456
497977
307493
509767
98845
133187
60670
313266
98934
844086
216146
112118
162106
55648
52691
573727
505958
197661
78105
545364
63064
75887
117631
116507
513913
215369
317810
95693
321743
289934
472933
99888
66583
563662
610302
190100
408648
157646
590845
61476
452666
68323
176153
881879
179191
390198
158405
261898
100158
136013
524505
101033
133908
70637
238854
985998
349937
235086
467993
128863
80992
277093
182555
253016
934727
183324
582923
143560
84644
165994
369908
747291
129250
122898
245612
499473
88566
109623
287768
398598
579957
198374
325334
232910
710774
207567
686670
245759
194660
158452
82043
49816
933886
143130
736607
348053
712910
52047
871098
177000
140366
159981
205769
870054
546511
506262
372357
167043
68118
174156
218362
108186
568246
767743
236643
106097
468696
161330
778411
118268
106767
85768
244656
122089
56320
61384
266335
124942
608657
54377
132828
53008
323874
688114
186318
167797
52549
122787
66204
149135
221197
717200
74333
95235
131401
89932
317238
222929
58244
339901
76047
480657
52141
631536
871883
172907
150123
100791
401479
481812
406813
50539
179406
438892
66383
188623
511452
57481
69501
705887
212226
825554
836524
755405
322807
996406
62913
883203
450093
97227
504745
223130
194893
576834
926908
230201
310926
394908
198433
82068
117525
331741
87038
156374
710561
54214
50282
59445
320491
220534
80749
308602
112522
114291
142915
182884
599235
214659
55748
86674
55133
137696
663583
318001
81847
167847
549635
71425
648236
206139
201010
418198
463661
399916
245981
171872
52754
98815
309994
150754
598337
93817
248577
155020
167495
265139
547824
383237
90663
422992
316668
61494
346802
236076
338679
335544
203253
105715
665977
75910
315530
350252
509614
462134
296265
601757
52344
517937
252258
615081
316573
904656
91813
203436
57034
801155
697257
183214
507631
425155
250524
157930
165447
65572
105020
137325
176894
84314
65199
973069
106575
273542
537568
552943
58700
80725
799954
55216
85974
163474
464775
73932
82019
55548
108153
148421
147710
190729
129173
58789
186933
212163
913657
316478
169669
85281
105209
375048
176417
51829
95035
321647
74266
501877
371576
181191
50828
667176
162301
178440
207941
357364
170998
60144
99559
612687
912835
170742
491005
604109
240941
606106
225147
687701
54623
142103
381745
311579
81626
62274
486022
492480
236714
123971
184981
410122
73226
693502
75683
188510
629078
568928
990148
50312
94015
61865
221995
51596
327784
56983
118552
97490
353949
649404
110581
162691
251503
93480
610852
542916
918053
54918
276595
52188
940070
583623
55100
114463
334238
366374
74444
112354
146036
89851
857614
151889
284762
430934
371799
87931
335645
128631
71640
396095
89501
371911
210704
86155
62818
338273
398001
221064
630211
586431
368579
150168
359730
126110
98490
309622
92006
346906
716985
176206
192338
76642
652333
59125
51875
334639
560626
436136
183434
143474
570980
67609
50721
54770
151980
347427
847385
79834
590314
245244
125205
384619
90554
513605
670185
116962
256686
142018
131125
58894
510226
377192
746171
747067
169568
572867
85897
451987
93958
88859
796602
68796
616374
54020
484130
926352
907374
371353
76504
222795
938380
111648
93902
133587
469963
166743
56033
443259
581525
79000
443791
917502
365495
109525
165895
445927
178226
249324
845607
627381
50585
110449
80146
73270
93536
852740
959445
665777
172182
699982
115255
52644
200407
61587
801877
53858
63998
507935
876078
828780
323000
54869
220733
133707
142060
714194
66663
179137
65947
542102
573383
661993
65710
159933
826545
57102
113030
868489
63234
326508
143905
297601
247535
182610
67024
90121
146475
126488
64286
838031
295909
96240
100973
531474
808156
259240
623441
460611
71361
176470
512374
693294
142188
217447
256301
174104
333937
66463
231101
139066
185425
454980
668980
105620
365715
956571
830771
198195
335242
66783
141253
304830
631725
156797
652528
63520
128902
256609
368800
562817
56219
164754
326312
247238
160558
256994
107539
842821
83134
139987
230893
155766
499174
515921
266255
586783
460749
457032
67185
137614
442462
252864
428741
761549
137366
640888
197602
191130
455663
233610
189304
50267
141295
419706
467572
311953
61200
145293
607198
180974
143302
994017
442595
294669
545528
207629
201977
405351
50342
139025
50767
70806
521211
337361
579262
122382
55017
107410
198017
128593
334338
160077
202401
836022
265378
519805
93312
137284
202523
199508
862517
65238
542753
546347
86908
74623
104705
111883
117454
806218
485294
178066
725423
180107
115463
187889
118055
232631
181627
172492
793977
81945
271742
129134
692047
217316
55615
673208
112691
91593
719139
56880
57636
389379
896820
893061
642042
557942
54149
445392
409016
81113
75569
926075
63102
332438
213696
512835
353207
215887
142744
77289
203497
84441
883733
280186
965508
899244
110316
216925
445258
171203
83986
611952
68344
75978
322516
356828
229649
193147
224607
840296
116193
171769
203619
396928
415945
114360
94666
297958
191072
110780
83634
625877
54443
336956
292029
72136
104298
74915
120524
242974
617300
118197
81822
834518
625690
125017
53247
860707
137243
308695
406935
247610
838785
93368
72331
938943
283654
70615
607562
64209
96125
54475
236288
245097
91648
824564
85820
523718
61550
141592
84390
185314
128362
401358
192165
421599
127555
441269
59213
194251
94950
278259
151434
724118
162155
50691
203558
551617
51860
173582
263711
676650
841558
86648
390081
52266
803562
267777
476923
125506
713123
394317
942047
139777
277259
756312
272886
279766
435744
566034
743489
148911
219610
120055
304373
710135
238926
127900
465194
354587
144727
650183
196066
664580
261819
541777
726512
707370
51042
389730
961462
449284
60688
60579
905471
300382
461718
110880
163965
173011
261505
142487
92754
984225
227114
537245
233820
97256
206325
133507
723250
848657
854020
877130
272968
279934
60543
60633
818157
69668
329855
235934
626253
149180
701243
256917
462411
137160
253168
62932
92393
135443
67976
688734
70004
479505
910373
370019
304738
900864
357900
184759
167746
592443
702085
147047
939225
326214
288632
59107
50056
252031
148644
124232
58279
625502
71769
60343
73116
203986
140197
128169
469118
168503
67084
360919
52203
197720
588546
120741
459094
202037
80677
63768
589076
639735
69293
50509
592088
492185
95464
513143
156703
290369
931927
85563
719571
994912
226230
951705
853508
305013
338883
110184
556103
575624
68879
119373
75320
107313
63500
109689
93116
209884
65592
793501
68899
999700
78034
657243
269227
374261
75275
251578
79738
355759
554604
69376
50813
567905
56303
399436
450228
59373
50904
75140
470386
51922
165795
105178
143862
968990
166443
934167
246350
404137
152346
51612
50252
786627
154509
619340
200588
274858
227319
878446
785448
345763
52596
112421
109722
849166
162058
56948
94127
791124
102930
807913
916677
105874
53151
271824
109131
116682
57120
144510
88912
485439
420841
183049
423246
259863
75524
719786
734841
120308
96356
59284
124605
977164
137738
92199
56421
309715
72396
101094
288113
109262
145162
240292
102591
390549
68734
276844
64673
284165
245907
180920
325237
332239
294581
108511
119230
804286
691632
191934
771437
66403
576142
289499
217838
57792
62181
290282
85255
83333
283398
323582
867968
428870
71683
192742
84188
95981
138276
493515
608474
285189
735503
74243
726076
178869
276263
221595
173791
223264
129911
454571
653508
71876
771668
453073
187946
564847
438366
110283
698514
73512
70151
172079
60452
428356
412838
172389
847893
353525
919431
253244
106001
51689
247387
94495
323194
214338
115428
311299
114807
130811
83159
312985
172596
84796
821354
144164
444591
800915
59231
350568
204783
170077
465892
377305
594580
156093
521837
973653
236998
750211
138983
228481
53568
142530
59018
433007
948285
752239
311206
333237
101064
876866
388446
377079
102437
739707
519026
622880
850696
709070
711201
743044
483840
73138
425666
407668
129561
86960
720435
86103
400276
50935
191647
426177
527345
98785
757675
175889
699142
238210
330152
129794
450498
606288
158595
227251
368910
74088
215498
422105
100339
461856
213952
106415
126072
495890
644938
417571
102560
97842
100369
279514
227523
987775
102222
625314
74780
76481
95579
156750
59892
228755
82835
90799
313172
271172
50569
111414
706734
439815
123748
242755
935008
293610
724553
618041
381975
271253
51226
156562
146827
58930
818403
259551
966668
803080
86259
51180
487336
227660
96965
241231
69335
896013
89797
794930
97783
223532
522777
53696
93930
169364
261035
832268
861741
71382
554271
848402
123823
176629
184482
62781
58630
66863
671594
889318
204661
713980
780750
897358
649014
998800
70700
59713
434960
257148
140071
60289
97052
206078
122346
113642
349413
286562
58070
830522
71898
446730
100882
58402
56642
837779
465752
257998
744159
798037
815707
175731
161572
165398
776545
226095
176841
69314
818894
89528
71855
867708
79476
459783
214209
797797
564508
325725
808641
89072
649988
170537
129095
658428
164655
451716
60036
103425
286304
385312
143259
90040
164063
151480
124195
61255
273952
152072
129289
279263
788991
146650
50630
741262
89126
529088
883468
150528
635336
81138
640119
61698
124046
977751
600495
377985
497380
175362
863812
973945
254921
60597
62705
149987
51534
226027
284420
76550
472224
171976
76115
587663
83584
694960
761778
182282
548647
76527
831021
100912
321357
839792
681949
111514
122493
362656
615450
705675
427073
425283
73468
181082
255840
270279
70025
60379
74511
160125
161137
84822
145075
112455
69127
258153
201070
69148
403531
199268
67772
532591
180757
58525
490269
595293
508698
94099
517627
64152
794454
958294
67306
249923
343386
222595
595115
153769
225079
396809
466172
765673
246646
213375
111247
463105
56540
271498
186150
118944
66823
239500
229994
508240
267055
544384
528612
145642
620456
69564
614712
330747
95178
340513
126564
469399
134471
181518
337058
335444
691425
179729
170793
138484
583973
381402
64441
362982
603928
212417
758812
188963
232491
206263
744606
570809
61072
496485
663185
624939
53024
266975
153079
906014
130732
986886
849931
946863
133147
168705
146431
69648
99679
98253
498127
51720
57343
333637
66803
264345
234242
970154
607380
665577
104517
619898
198850
79428
120560
671192
188737
137119
187777
224271
759040
513297
389263
418700
124307
240508
423882
382548
364510
813263
814728
85871
66643
222194
499024
230477
587487
298316
103519
555103
209192
272313
424136
57688
185815
85846
317143
439156
373588
82661
247090
85102
139359
50478
173739
243996
96936
989554
145337
780984
155113
166144
245465
995211
313078
162886
155953
972193
60907
307586
929693
784271
595829
877919
328473
74937
50161
161912
393844
898166
243558
418449
554438
960885
269955
973361
127212
451581
222728
189190
468274
58105
62312
630778
140282
321165
835019
327685
265457
375161
84720
999100
137779
559282
991040
116647
185092
143775
453754
104267
129717
201735
175152
79309
395739
190386
149628
347218
788281
74355
395857
163523
202827
90013
209129
721516
77080
229236
62069
447669
843580
401961
955997
58983
256532
654882
636481
166943
253472
404744
238067
131046
111950
246942
467432
359622
91703
287164
196361
114052
507326
249174
115636
915852
153400
298854
406447
236785
220270
755179
55515
55949
588369
474639
737492
145904
405960
836273
318765
235016
900594
235651
77591
616559
387864
289847
189020
474496
858644
148021
380145
739264
709709
475351
302461
612320
431451
359191
302643
51257
188058
757902
60397
395620
128246
57068
440343
182500
125280
152300
491152
56337
631157
61127
171512
549141
289326
68570
272804
378893
162009
324360
143001
56676
160461
427201
775149
54688
52392
173114
535314
291067
431192
107474
816196
483405
147622
456347
540803
901135
168857
52659
383697
65004
90310
335041
163867
901946
345659
56101
64055
68364
391488
118232
797558
204476
93677
389964
290631
64402
131875
346178
437709
654685
219478
227797
198255
191819
298674
407179
481090
277759
225688
131796
386006
123415
832019
49861
645325
567564
167595
903842
723033
756539
338578
76988
246276
857872
73358
295289
137945
814484
223867
54541
102345
338476
198493
707583
50950
378552
182720
105811
136054
669583
260722
721733
270928
250223
71833
130771
224675
108024
373925
59641
378212
68180
553607
93005
182172
82587
437578
68037
521367
60797
679498
58736
216405
307863
847130
237924
58227
96298
116158
901676
950563
460059
268984
70998
113608
787099
87091
240220
85923
439947
139275
50797
384043
103270
61809
125958
367254
473785
62424
929136
542590
300111
188341
63424
566204
316193
235157
71597
78480
451039
217251
599415
952562
107184
826793
770743
921364
203010
98549
351094
209569
61182
270684
412095
105969
58595
506566
819140
704617
996705
997303
123119
341024
387515
751112
807671
156280
72788
312609
73072
50176
457856
65927
146123
885325
69983
61642
760636
552611
681131
455937
379917
138691
159885
325139
445793
144988
121687
51907
608839
292204
472366
209004
563324
718276
721083
408158
97461
394790
689147
337159
51072
729788
469822
585025
120091
422485
426433
430030
53955
385081
90745
189816
94722
107506
92171
258308
564339
52960
643585
98430
175309
51103
535796
160992
61163
131519
149449
121104
805735
479937
57171
95550
144467
281196
77428
70913
77219
725858
91209
271579
299033
447938
810341
332638
527819
252940
537890
70934
65651
76826
834268
275435
348157
956858
101124
471658
217708
508393
618597
110814
356721
100218
257226
690803
66026
264583
150033
270198
137986
178173
63539
356507
627005
740151
59838
355119
285960
344107
675028
777011
195772
158025
357256
257689
586959
253320
113778
425538
174575
121286
74533
128016
406691
126754
70341
55732
262684
290892
74690
449688
217904
474070
210957
153677
286476
203314
166094
173426
148956
651550
152254
405473
552445
151707
823081
81187
348262
407302
68982
467292
389496
516076
138401
104894
87536
81700
68837
280522
255994
437184
63405
118908
457169
183819
184814
96530
819877
97959
84593
112051
862258
732860
149269
113335
807429
81675
955137
56269
88806
83458
96154
504291
417070
204231
642428
144337
341639
806944
357471
104392
294316
593866
785213
257303
320299
92559
71511
73600
79786
78622
76138
63083
606651
173218
243120
764525
52016
242610
71104
101886
644165
164556
123786
55983
472083
226910
263395
316288
257071
262055
460197
154463
78976
907919
700822
331343
214402
140703
116053
560122
575797
186990
268581
559450
99798
968409
722599
268098
762463
186653
59605
660604
117913
596903
53664
53971
381173
101003
94978
58087
64887
302189
231239
372693
295821
261583
118516
480946
150303
531633
842568
79690
115845
139192
117384
492628
77871
151753
375724
188567
290021
66264
297690
240725
558779
197542
526712
141550
74489
57240
173478
140113
705252
997004
121870
253548
500073
516541
62405
542265
417195
114635
364401
113403
54068
452394
51411
779813
64634
683998
444724
62630
884794
544057
171718
573039
72919
145948
61957
260331
430159
64576
302915
203070
236359
180594
697885
81333
61846
494405
142787
265537
238425
281365
953991
930810
146562
533871
84771
194135
390784
123600
533391
668780
234031
298406
63196
114429
54902
74960
86830
371465
164211
408893
54655
85691
316098
840549
206759
142573
252485
965798
234101
113064
319339
254157
453209
677056
309251
329163
962616
150348
163033
391370
65415
982161
77312
84289
340411
261348
74221
117949
462966
170384
515767
239931
417320
704194
112996
420336
237212
475922
66423
210451
664779
75456
753369
69962
681540
952847
942895
77894
211972
382778
927187
803321
186429
604471
240580
133467
348366
367695
302552
84264
577873
451445
117208
393607
109920
76275
846622
936411
480801
76803
185036
62950
530837
66883
237568
419077
65533
103208
248279
980100
102284
152849
274199
530996
650574
73204
611402
549965
59695
220072
330549
113199
924132
112590
83910
63729
192107
52770
121468
106065
64557
253852
269065
700402
817421
67650
218165
58209
434048
171821
80411
54263
689354
232143
805493
60434
661397
328768
147312
76965
130262
58174
127135
58367
70870
559618
268904
983340
784977
556270
299212
267295
141380
664181
91236
184261
94240
100670
153447
416945
58140
169161
185759
401719
347948
55631
376739
787572
106863
51057
861224
483985
585200
158120
372804
865887
52470
391723
143732
548811
175047
126261
276927
102961
77988
809612
67245
656652
70362
263948
433137
82760
941764
198136
808883
734401
51134
153954
84491
142872
552777
218821
305104
211718
53056
480369
59982
668178
957719
168553
64036
102653
59302
236927
311486
95435
454026
83109
377645
100248
140830
349098
161378
60325
55149
89394
779112
167394
473643
483260
58419
317905
598517
207442
184648
548482
161185
159501
70531
299123
978631
225823
160702
360486
79142
558612
532751
96067
147754
193379
941199
110118
122456
126602
544220
117314
81284
216730
259707
546183
66683
58314
109098
60162
125543
472650
234804
291329
137408
72592
272395
154555
173322
229167
248950
88672
119660
327391
727166
77335
210388
182939
503234
292555
88619
262291
118872
198552
64017
256378
943744
229443
98667
72114
156609
258851
443126
89099
173062
127862
161427
138733
389146
119624
302371
213888
118020
177054
123934
214466
736828
305746
673410
83208
141083
244143
638776
67711
108739
93033
467152
291242
53407
191015
78151
94156
597620
291417
199807
88063
319243
466312
259629
419958
823822
357149
288546
89286
205152
662986
402443
124980
194601
50101
139945
137573
799235
68776
240075
209821
718061
220799
304556
224809
491447
362438
947432
54524
194835
172027
929414
86284
100278
151071
92921
433527
99380
345038
86207
436267
357578
182336
528453
459645
56574
112320
194485
166843
569099
235439
205337
74065
539344
65828
49846
76001
97754
436005
783801
508851
53680
330846
237069
234945
518559
689561
613423
247016
601036
960597
201856
833768
307401
408403
257921
522620
93986
61402
985407
61624
587135
454435
274775
556771
107927
897627
514839
200227
252107
223800
58157
76459
81479
251880
264662
841810
132509
243265
365276
236501
716770
184925
259473
249773
117173
391958
757221
803803
74110
624564
491595
58965
327194
247981
293522
953705
140788
172285
86440
71211
656258
482825
230063
380830
49951
105367
253092
774916
603203
62106
302008
134069
257380
175836
418574
102992
74892
613055
745500
827289
236005
110515
452938
250824
544710
571837
80194
700192
85409
352783
204722
224203
76390
215046
117807
870315
900054
229580
835270
127479
316004
288806
168958
585376
228961
249249
212992
64770
646488
824069
82413
173530
152483
564677
680314
100459
93508
813751
776778
54705
415696
59946
56931
839289
362873
405716
440607
97344
550295
293346
468837
65356
78882
228618
55465
238783
248354
88486
310646
136095
53519
56472
785920
515303
275188
268662
755632
118339
149090
183930
90636
63177
87904
478212
136422
59964
107603
255074
282974
75050
688940
848148
412961
751337
597082
163376
966088
388796
106671
177692
522306
740596
98018
883998
55001
781922
118837
209318
566544
94439
447132
218296
108413
260487
194077
416320
57222
170230
942612
782626
938098
268501
478069
743266
57154
633433
81016
483550
67165
82142
149046
139108
72985
755859
615266
222461
56371
148287
533071
245391
722816
396214
228207
86882
865628
221330
828283
181736
494850
51736
131637
778878
72504
267696
409507
171460
514222
204415
189929
125130
495741
82167
944594
134230
448072
78693
119696
520429
139861
53552
55899
64731
931648
171666
89986
553441
538859
296799
249025
562142
601396
259007
103674
80050
116822
473501
63026
163572
97111
287423
917227
489094
400757
530677
162593
416570
971027
505503
93564
59001
89367
177745
76873
144771
143603
433787
934447
449149
262842
114086
153861
682972
114669
53231
239284
225012
89716
393371
59427
481957
190043
336855
237283
112185
211210
70404
406325
132271
75095
109887
132947
134835
67286
72810
341946
152895
115221
561973
218558
63634
293258
734180
594401
55116
653312
120452
301646
988664
164853
158215
108056
410491
706522
731542
135565
289760
116297
469681
112017
815462
116472
365605
133827
571323
156140
162447
88407
424773
71661
582049
159262
153171
322710
140324
574589
436398
55315
742821
122934
660406
234875
660010
143087
401840
316858
340615
181354
112928
101641
980394
752917
119875
586079
121906
200347
273459
95150
115186
291766
136955
326998
579783
102161
376626
87326
160654
693710
529247
50448
661000
713551
655275
65317
597799
445659
85717
131716
762692
89555
280691
197365
318383
919983
51767
403047
159453
97695
355866
443525
175994
455800
125242
91318
91730
626065
907102
126299
317334
176259
186821
270766
369686
270117
81041
166893
84567
51844
213119
294404
487921
825802
240003
101398
264265
874765
303370
306021
495295
104329
140872
336451
896282
221263
570295
108121
114600
211273
122126
326704
490858
110416
87615
600315
650964
545856
578220
76619
113676
103736
509309
154139
939507
988368
908464
979806
274446
174052
538052
68200
66703
190215
70594
71019
457307
91428
466732
362112
91950
279430
882673
124905
179568
66304
881614
886388
165001
466872
311392
122309
73844
51985
66066
189759
80314
843327
114532
128747
79882
85743
528295
168756
66364
145511
370463
95837
105399
129212
246424
282634
250749
152620
656061
602299
69543
360162
59910
339493
706098
601938
156515
97636
82810
336149
67407
101977
375273
149853
199388
593154
50494
84011
120705
228550
612136
459921
130302
61531
58297
296443
243631
69397
88354
227592
360378
365386
284677
126716
479361
176735
86596
379803
68693
340922
167998
134552
223197
65141
477209
241955
176100
125430
108674
458956
145467
299841
77754
553275
486168
862000
950849
360811
761321
104454
760864
730226
462827
269874
620084
395501
662589
114223
55882
94524
533231
985703
444457
196655
247907
154416
61237
136258
649209
196007
200648
297780
69106
148465
103861
81211
240652
183489
648625
335846
359083
751788
84949
289413
113540
174522
277842
91758
146915
55232
580654
558109
266894
242028
507174
75365
66443
87825
687908
81430
204845
212928
165646
605197
80870
835520
283483
53120
534031
100038
116088
168655
266814
782156
68714
80098
622320
699562
68057
84694
843074
123045
57308
324263
502328
539183
324165
201614
907646
89635
369575
513759
380488
221529
507783
156844
113744
897089
454162
83084
932487
118410
120886
335343
81455
121723
432488
75343
108870
599056
186262
199089
437053
692463
255764
69044
482246
407913
89689
169314
894670
965219
229856
307309
409753
95407
72352
414824
65121
578393
118090
122750
51581
541614
594936
197424
193844
76298
51334
155206
366704
360594
54133
202584
386586
653900
821601
260019
86310
51241
833018
349518
988071
824811
121322
64364
50297
482680
599955
503384
223063
892257
641080
84517
434308
144294
121979
184206
640311
300472
911740
53584
512066
703350
890386
634194
168806
380945
845353
79643
103767
172959
80290
414451
95607
50874
427970
119194
111113
361786
95321
92670
72963
276512
129444
65219
667377
93705
659020
379690
541452
544547
68487
570124
105462
142146
53391
258618
67104
721949
69689
213567
795646
413457
193553
133988
631346
50843
127021
49936
54279
101276
227728
88752
213439
100852
51426
101794
203742
110151
51011
615820
303279
110714
185983
117243
744829
768665
779346
197483
63902
294493
323971
302825
205029
385543
344211
328966
315909
85640
82364
384273
89743
847639
569782
341536
139568
103177
132112
126185
924409
290108
97871
242537
122677
111380
246868
192049
103705
212545
855302
190843
724335
381860
148110
91978
581351
179945
92504
421346
128285
594045
235863
105906
363091
529723
708645
52156
126983
435482
308140
402685
407546
93761
66145
53600
78363
74556
64538
140450
279095
94382
286906
69522
56659
409384
159789
333837
105272
139736
405838
820369
130615
179783
312234
232282
263158
184316
482391
103487
177107
155859
273295
104768
713337
344934
251427
83810
78551
955424
52581
861482
324749
97432
178815
97402
909554
113812
67004
123897
191474
79404
57360
120416
282889
67955
72418
997602
66244
373140
434438
65297
213824
456621
52297
77824
289066
989851
439288
427842
117843
169517
51164
185203
168048
50965
737713
67833
137037
138069
118730
219215
661199
759952
78128
742375
81798
80170
75072
65278
382318
313737
974529
114979
55265
560458
592976
77127
854276
522934
80339
389613
764984
428999
219676
633053
58859
878710
710348
208253
506870
202098
859675
189077
948854
64460
231378
561636
119803
81896
148332
884263
292907
113574
274940
486460
195831
117878
70743
225417
357042
73248
150981
474212
101824
59338
618783
91072
116717
56710
301374
720867
72071
58912
57137
88779
496933
672804
331442
282719
331244
442064
543242
842316
791361
205954
145729
147091
391018
924964
333437
65789
92310
102008
147888
176682
506110
369132
93424
106992
916402
153125
56812
118659
79499
428484
96327
179030
91263
51674
642235
771205
80483
120778
110019
155906
777477
224472
143345
62013
567735
56084
207256
613239
391605
826297
220402
103239
72875
886654
339799
203803
86986
857357
392546
212864
267375
645519
235510
358222
87012
197898
53455
867187
425921
334439
178012
121250
210325
95665
547989
651355
58437
815951
303917
289152
105115
95378
91895
145861
560963
50706
231864
87169
136340
66964
131677
441401
80002
544874
211845
75933
120380
228070
74422
910646
62555
252410
109854
340820
153262
88221
673612
498725
983045
503989
53906
52486
481523
640696
90527
583098
99231
52109
500824
55299
367144
246572
882408
162545
232073
343180
472508
86000
379462
386354
974237
262369
696839
718492
307217
57965
104360
572180
62988
71963
135972
496039
721300
261427
314774
801636
64596
268742
109164
402323
345245
99738
517006
83609
426305
184593
328374
738820
109328
580131
846876
53279
862776
151798
388213
70552
793263
363309
993421
796124
687289
83885
301194
202159
371019
355439
60470
208190
178547
112860
193495
138941
92365
646100
655668
210073
143948
949993
468134
96269
125996
243484
478643
624190
60307
220138
898975
205892
571666
308880
145686
578567
85665
391253
107571
116752
637054
500674
225282
106320
610119
793739
96443
84365
380031
895744
399676
179999
928021
67996
319819
763837
298585
534993
286820
666576
363636
913931
685847
686465
169009
71747
112084
796363
550130
187214
79978
127402
77034
92810
211400
450633
677260
56185
172699
760180
141975
207069
53890
698933
133387
78433
247833
446462
83509
104548
546839
93789
619154
187439
217642
95207
639160
129328
456074
551783
535957
988961
696212
224877
57879
67874
212099
111481
530041
57051
200167
113437
161088
188284
258463
138900
116542
86544
295200
361244
82512
373028
103550
369464
306388
250599
54247
86181
99082
122052
876340
305654
745947
607744
174837
673814
216860
254005
63348
214016
515612
60706
82959
200468
73755
81970
623628
659812
259084
820123
499623
187326
55966
496783
488214
56455
391135
78811
62386
127441
82093
353631
66105
381631
107281
74735
160606
57601
105494
69356
552114
773290
245833
708220
173895
492332
197305
216795
74825
93846
141635
527503
904385
439024
66085
50146
238282
346594
74466
193205
160173
182829
288459
110482
375498
514376
124792
234593
119767
606834
140957
297512
859160
139401
95923
411231
853764
879237
107088
50996
87405
111782
60054
231031
295555
87274
817667
401117
73446
823575
157693
524190
444991
50433
65868
974822
270522
132668
155392
280102
676244
555603
66503
338781
226502
780281
563831
53809
822094
644745
91154
171358
441004
110382
67914
499324
199568
169720
261662
110980
84162
431710
208065
320683
104486
80556
800434
257844
375386
81382
605560
942329
75796
127670
559115
319435
211908
299482
381516
156656
479217
271905
624377
173947
588193
850441
69606
86622
450904
592265
282211
230823
293875
181790
65552
137078
269550
296977
746843
61772
112253
52723
364291
265059
76344
305379
204968
62724
224405
611769
310739
123341
67670
399197
365825
73556
98077
198612
420714
149763
135484
995510
275105
146519
124120
203192
82686
601216
126375
57809
173270
88646
216016
152803
70955
90826
105557
52675
834769
362004
107894
666776
147003
962905
80943
101428
66603
894133
107056
278761
116787
645906
82463
132033
591377
153815
161960
164952
216340
57188
106288
138027
431969
517471
300923
71554
64751
115671
148599
51782
159167
57948
125055
422612
100188
138858
342049
87720
315814
176364
743713
58472
194368
278176
66523
92615
442993
452259
342974
409876
365167
56067
211020
57983
59320
113881
114189
264424
132191
543405
554105
440872
424900
414326
494998
89260
768434
163670
301827
84745
906830
186765
60506
723901
91483
101519
471800
99320
84112
63386
387166
604834
117138
151935
226638
65180
442329
698723
214081
602480
247684
131243
441666
283994
56134
140999
348680
52313
72222
248205
73028
107249
66284
208315
154880
109426
235793
363964
186038
678073
139903
287940
69189
643778
104988
428227
306297
484276
470104
254692
293170
54984
157315
443658
111748
63140
278677
210136
364073
274363
615635
181409
153033
522463
67935
68672
958582
68920
215563
186709
363200
108837
119087
230616
131204
235298
932766
713766
215304
301917
208691
216665
218100
109033
450363
733300
916952
281703
455253
146299
109953
69627
213056
74043
62762
187383
825059
389029
63883
473217
112894
326116
105430
659416
355332
134431
248130
130693
224069
123193
57722
127977
937254
153908
881086
119051
811070
285018
851462
159645
274117
488947
283568
145598
63691
181899
143818
157883
89878
175942
158690
283058
153585
441931
383812
123082
264980
74668
316763
78410
391840
623815
99440
100610
332139
103581
831769
172544
328079
125883
648041
667978
276097
53183
51088
98194
216470
59409
75956
115810
53471
306664
54052
68159
361895
183544
106831
415197
66185
109295
674421
488654
87878
992230
357793
162496
283313
144901
695795
78716
141422
91565
357685
702296
286046
155439
975114
74132
871621
204170
57498
493812
367916
63007
234312
57896
154787
56591
131164
784742
254386
338375
58560
552280
746395
903300
94467
57017
158833
157410
387050
150438
63844
113915
175257
216275
54672
435221
133948
64712
166643
455527
117560
852229
741040
79714
57671
246055
589960
630022
370685
465054
356614
425793
374598
88168
52628
378779
207816
209380
502630
70849
165150
388679
994316
424263
167948
297422
703983
52250
972777
53327
62800
91291
102714
411724
75298
52407
787336
326606
52913
629644
69460
73733
61090
74021
239572
242828
888784
100580
116263
680722
573555
106224
134754
891722
631915
255457
422739
172441
392900
62088
438629
61513
133347
646682
52739
535475
53987
426560
514530
372246
162740
561131
322323
557774
70088
142701
338070
296710
417947
453481
78198
133667
205707
135524
149538
353419
276678
352043
452530
707795
131954
308232
364182
508545
105652
