500 5
688 9050
765 872
948 1173
713 8211
1422 7818
771 2188
1208 4142
848 2112
471 8386
757 4820
863 3011
702 8154
1416 9244
830 2720
1678 8981
548 5277
546 6098
442 2245
1123 5755
912 7330
932 3005
1255 8563
1654 9769
747 9143
485 2308
1154 5359
449 2020
732 8165
984 1927
1066 9610
751 8575
966 1398
1185 1238
917 2339
1021 6952
1227 5985
359 8227
770 4517
1030 7714
697 7028
1428 8858
1683 2835
1026 6136
540 4214
987 9599
830 5128
641 8098
1127 3453
646 2447
650 6318
686 6752
1352 1262
648 6516
930 3351
1750 4289
401 3266
1058 2592
1031 7757
711 8612
1353 4804
445 8713
1200 1474
1272 2843
714 7116
750 5425
750 5049
1383 5713
894 5942
1045 4179
1442 4195
428 1925
953 1591
796 5916
631 8672
1571 2068
1223 2625
1085 9011
820 1241
828 6713
423 5240
1043 4139
1017 1567
677 1377
776 7189
907 1423
845 7277
1087 1702
1465 3358
985 1723
1230 3668
1150 7064
1647 3883
1705 2465
1086 4667
739 8561
798 4176
1559 7091
1207 5708
772 9138
810 1997
1483 2246
1040 5144
1288 8014
1019 4663
567 9222
1308 6650
548 5748
894 1260
892 5271
1165 3014
1480 5132
1034 3363
921 5295
887 6956
1236 7519
1382 8807
888 1852
656 7376
1045 1592
939 1221
922 2417
790 2818
1012 6806
918 3474
1571 1213
622 8999
1610 1436
462 6184
984 9210
919 8833
1202 9061
1064 8299
662 5676
1200 7241
1344 4453
757 1427
1325 2870
1313 1776
1166 2660
1082 5683
993 3713
921 3851
720 8082
690 8431
917 7312
1190 6862
1343 4276
805 5513
1372 7765
1221 5140
1346 5572
1104 4947
841 6869
653 5889
1214 746
364 8134
893 9480
1133 3679
460 5377
914 9406
1004 1971
1578 7184
895 4896
1151 2058
1260 1357
795 3267
883 4113
788 9088
530 9403
1253 1389
1062 7880
679 8286
1406 6786
783 2513
1104 9782
718 1763
1186 6068
1269 3229
957 5607
925 2268
927 7893
1118 4789
970 7184
719 4804
452 7427
726 7811
1167 8618
738 7697
869 8306
698 1721
1070 3212
1625 4297
1070 3615
764 3734
1333 2064
1125 2061
879 5350
669 5981
1211 5634
334 1414
1239 5059
1260 1427
842 8004
1261 7399
1148 3349
879 1720
719 6133
1728 1770
1328 4245
964 7940
444 5609
899 2313
1178 3981
589 9664
670 8267
655 7741
907 7548
1627 2488
1210 6504
1511 6671
852 8541
1435 4376
1028 5748
997 6496
654 6157
370 3715
1467 8667
957 8212
1308 8295
986 9980
1037 8979
931 2650
647 2939
1065 5945
1501 3467
742 1412
1569 870
598 9979
1134 6626
1667 5135
1230 2519
838 9566
1308 6689
620 6506
1012 3064
1363 3020
839 2945
1700 4608
1050 7547
1277 6355
1287 2961
1066 2952
1111 9624
696 4762
1625 7242
1289 5252
1271 4203
621 4125
880 3796
1073 7067
809 5842
415 4685
1361 4494
1332 5313
428 6547
734 2098
539 5304
904 6951
861 8008
958 9649
1705 3220
881 1379
1034 4140
1392 3725
1272 2120
1260 2697
1596 8617
690 8799
1161 2426
807 4715
496 7566
1377 4754
1095 2855
1008 7972
1057 6289
1580 5300
1278 7031
1129 3155
623 1399
1671 2970
1515 1558
1100 5692
1165 7073
1298 9456
788 1088
879 4155
774 6399
1242 3030
1411 4444
1317 5630
935 6186
1234 8406
1414 7796
1159 8465
1012 8841
1621 9336
1031 4299
1434 4096
630 7736
1522 5864
367 7209
1315 998
930 2039
836 3368
1087 3357
1089 6962
1549 9624
704 5535
1383 9188
1134 6167
1235 5398
1707 4207
1202 2045
1359 4964
464 9592
491 2525
822 6361
1222 1408
1007 4255
1557 5347
827 5908
1704 6688
1263 994
371 895
766 5900
1279 6062
582 9293
1602 4050
1346 3886
911 9433
1250 3860
1263 9804
988 1621
1603 5774
1324 1773
952 1019
581 4253
1390 8488
1533 8264
454 8388
1232 7137
1295 3857
920 4253
331 2354
964 5123
1323 2651
401 2949
1228 1113
1656 4947
1071 2370
467 4872
884 5264
1100 5607
1407 7483
1406 5108
1018 8457
1692 3285
1162 1561
1304 5156
929 9215
993 9299
1349 6461
1068 2886
1056 5150
1142 3956
969 4564
1066 9272
1306 1539
1706 5524
1287 9760
1454 9791
621 997
1210 8063
950 5259
1561 4035
1308 4109
1427 2599
841 4833
736 6270
1570 6215
1304 1751
485 8725
1167 8847
720 5549
1377 4556
780 2498
1111 5541
887 1668
1461 3496
1552 888
1416 5747
1055 6655
917 7550
1389 8160
1354 1634
946 6355
468 8019
464 9353
652 2100
955 7678
489 5222
1352 5124
1178 6365
759 5673
751 9358
849 5528
860 3777
1303 5485
1091 2670
1267 7530
779 2382
1536 2883
1251 5513
698 1738
1078 6843
1281 3255
1105 5880
1232 2346
650 6186
537 6891
392 1979
591 3418
1732 7680
1073 9159
1001 2707
800 7663
1153 5116
1720 8678
517 8134
1416 4020
804 5562
803 4807
1106 944
602 9621
887 9806
535 6581
1402 8829
1446 7556
1355 3539
916 2817
719 8822
895 3585
827 724
1421 2864
855 2356
1343 4970
1156 880
1478 7070
1040 4810
779 7401
992 1613
737 5153
874 8159
1411 2300
479 2908
863 5165
541 2327
873 2231
1290 5986
1688 7972
359 9355
827 5374
1255 8084
665 9150
1540 5816
1218 3175
1040 5662
1349 2711
863 2052
1315 5922
510 9412
835 6997
570 3770
1076 4749
982 6481
838 6668
452 8944
528 6983
966 8630
441 5190
1379 5372
1058 3723
374 7641
1239 9316
843 5209
1242 4868
1177 6265
1214 1706
1386 9471
711 3616
