500 450
789 8858
3161 5247
1834 8144
4414 7318
8312 260
803 5061
3044 8270
1540 7689
3704 5850
2726 238
9588 499
3425 8170
712 6705
6074 3661
8763 4755
7952 7139
720 255
2267 4619
3246 4646
2541 9498
9263 580
3875 5248
1372 486
1839 5493
3666 4420
357 5133
3160 6865
4710 7370
1262 4732
3824 4182
5621 8013
4578 3338
7367 7924
3018 7265
7323 7316
2637 3180
7439 456
9316 1698
7446 3863
5242 4298
2647 6743
4443 1345
59 7534
6319 3208
1873 9920
940 3137
8033 9001
7544 6573
1566 1189
2585 5338
6184 751
4707 2680
6620 5529
5897 5700
3937 7471
1799 7680
3519 3629
11 4507
9527 1392
2374 2212
7163 9601
3864 4731
5848 2868
4438 6002
1262 8349
5868 4432
8902 387
5496 1643
7362 6095
4760 4256
5150 5863
3469 2477
8279 5832
3615 7926
5842 2488
4306 8745
5804 8910
1638 4874
3646 8425
1949 4703
4426 919
9564 8974
650 3023
1615 1634
8116 944
5014 7684
2841 3988
1392 9829
7564 6963
3587 6363
8371 4301
2029 3199
5480 9860
1404 4048
373 3120
3444 5057
6959 1879
4757 2167
2699 7102
8948 9198
8590 6283
5570 217
7481 2670
7886 5568
3180 3787
3738 2161
4833 358
1052 4571
6525 2503
6463 1116
9108 5154
8434 4917
6816 1566
6971 1066
2473 409
2461 3649
5982 6717
5221 6515
8692 1242
6281 2446
2255 8472
2375 3032
9699 3260
1100 6010
4810 4620
3803 2446
3075 1845
3977 1672
7596 6571
9687 1803
4165 2250
6460 1698
3255 2114
312 7252
8076 4500
571 1749
2612 7875
7647 8704
5937 4049
5818 1391
2467 6413
65 980
4791 6898
8990 1457
3035 3439
4366 2037
4955 3119
5098 596
1670 8766
3387 9133
8054 2899
8102 2584
4195 285
6943 3001
2460 5819
7755 9255
3677 9603
8831 5754
5546 7141
7053 2724
9672 5293
3878 9987
1231 862
805 3479
2232 5334
7601 2203
727 3460
4263 246
2932 3125
7355 6851
5894 5752
3667 7051
8906 9258
8179 5308
3099 4292
9389 3630
9436 6066
5436 7484
4271 3288
7717 3475
4164 9818
5666 5956
9546 6943
4232 8273
7621 8338
7994 6815
6704 9323
5699 2189
4225 6905
5344 5318
6598 3857
3662 506
6195 8704
9172 9454
7587 1351
9597 5704
658 7220
1800 5565
7283 8801
9571 2165
8621 2555
7887 8482
8138 3154
8500 7268
462 3490
2787 764
8210 6583
2524 4922
1497 3201
5447 3688
785 7692
468 8595
7416 3547
4539 7905
8344 9454
4751 5764
9410 7256
4362 2660
4397 9150
4372 3907
2277 1891
3917 8159
1721 6100
6715 1283
7925 767
7978 4885
5024 8412
8323 9936
2736 6067
532 4756
213 2193
3396 9959
7305 677
6453 8359
8386 9951
2885 9077
3265 8804
151 1563
5522 5602
9613 7911
5556 1084
576 9591
2544 8159
2597 8186
2102 2807
5233 9494
9670 6291
4928 2364
769 2471
3696 8920
5796 5415
3987 8562
9391 5518
9189 1266
6374 3498
7088 8360
1121 2135
9392 909
8677 7613
37 3251
3036 9784
4921 6245
4896 1022
6824 6733
2184 6088
9466 4741
6854 2398
8976 4047
3137 6563
2019 5868
3207 6078
6800 4230
6661 7901
759 5629
8879 976
349 2048
5290 2205
2585 1191
8641 3988
1653 5841
4918 9031
3823 2882
5699 4938
8979 2078
3453 4114
6339 6365
1295 3450
8068 4448
1516 6329
2773 9806
7663 3083
3518 1198
8190 892
931 2791
1905 4019
4893 1333
9129 8122
2288 7471
6037 9833
333 6464
2914 8060
1454 1966
8090 3533
1803 9475
8055 8131
4190 7224
6816 6004
1208 5637
4776 5413
3194 519
6233 3931
1167 9257
7841 1067
8937 6136
6113 8091
8870 6817
9538 4204
7107 6405
3159 1407
5927 7290
8626 8215
4288 4371
2422 8848
2873 8628
9098 3289
9134 2920
5412 4913
7173 3354
6826 9973
4149 9425
3570 3193
2832 2399
6645 7177
6965 8772
6212 1372
9341 9772
1058 3962
2647 1924
1632 8298
2368 2680
2186 9849
2347 6738
1616 5218
1932 8688
7238 4534
974 9716
1871 3549
7531 926
2115 9392
6579 6835
205 3845
8413 3039
8837 2921
262 6691
8672 5128
2661 1699
3297 7910
7947 7791
9097 5901
1635 6777
2032 2539
285 9937
3410 1709
7675 4717
479 1093
1462 9405
9474 2774
5817 3402
6985 5705
4467 4697
3415 7426
8126 9648
3001 5806
4202 1105
7145 5076
8518 6635
9702 3839
338 7990
8597 5561
3914 7780
6268 3244
2387 7092
7115 2700
7303 7629
4292 1741
4157 2841
7895 1754
36 5381
7910 3893
7790 4253
6571 8752
2 6620
997 1632
5202 1585
5215 8019
9320 2441
9211 7691
1560 7944
5231 2552
4811 8228
656 1728
1196 282
8998 7885
526 7457
6190 8934
6464 405
1997 6905
5493 2971
6808 4750
2612 4414
7394 9362
3377 9499
6484 2990
8721 8473
5830 7723
97 8343
8378 1871
5383 8254
2846 5528
4969 3621
8425 9003
2267 1365
4212 3333
4681 8979
5780 1873
7021 7713
6270 7449
5447 9103
1005 6440
4699 1576
1448 4434
8637 4310
4483 8374
148 4994
6175 4697
8942 7215
4370 5019
3714 1414
385 424
8691 1892
3236 6034
3282 5472
7127 3763
2084 6375
6250 6417
5619 6654
9767 4711
4085 3888
3047 7773
565 4228
9555 8270
2005 2495
1040 573
4484 936
8936 9804
7595 5166
2019 1319
7251 2259
9218 8576
788 8449
1405 2542
9667 9544
1755 2120
6710 700
6232 5765
8007 2308
7338 1773
7994 1436
7350 5617
930 1172
2042 480
5273 908
4716 9397
1280 7248
5973 6340
3722 947
5142 8758
806 6360
6154 4325
2040 4997
374 5882
4856 9818
5097 7356
3338 713
7974 9056
9409 6564
184 9332
1166 8823
6372 9456
8152 570
4006 6271
7528 3880
2129 1019
6217 2098
2378 4136
693 696
8146 7474
257 2518
8278 6266
5761 657
