399 10
4235 9554
2762 9461
6511 5863
549 6613
6697 6610
997 8058
6506 7354
3108 9559
6142 4849
6273 8054
2344 9326
1075 8056
4146 9557
5791 8664
6356 5504
5807 4557
5599 8922
3526 9605
1498 4556
6238 5163
1389 4560
4193 3664
949 8053
1972 9145
1147 4845
2961 3665
6607 6235
2083 4081
1650 8923
921 5165
6072 8374
3072 3662
3709 3615
647 6238
4996 3895
793 5509
3052 9555
4548 9462
3816 3618
1419 4558
4612 9465
6475 5507
2967 9555
3113 3664
5881 4558
6445 5864
1259 4845
4818 9324
6092 8371
3337 3618
5198 9143
6300 8057
4242 9554
6397 7715
696 7358
2965 9554
6599 7356
6522 6234
5503 8922
774 7357
3737 9602
6566 6983
1724 8923
6630 6985
2030 9140
4177 9555
1736 4299
1410 4560
6423 7713
1522 4558
6460 5507
800 5863
590 6235
1003 5164
1420 8662
3365 9605
735 7356
1188 4849
1658 4300
1417 4555
2000 4078
5559 4301
5903 4555
2674 3760
5593 4300
5796 8664
2721 9466
550 6236
4221 3665
5875 4558
905 5165
5256 4080
1048 5163
4551 3758
6492 7358
751 7357
6346 5165
751 7716
1347 8666
1111 8374
653 6235
3090 3667
756 7354
1914 9144
638 6610
6570 6238
1253 4845
6655 6234
2655 3755
3461 9604
3812 3615
2759 9462
2251 3898
5177 4080
1505 8662
544 6612
634 5863
6598 5862
4923 3896
5453 8921
6633 6610
6274 5163
727 6236
2327 9324
6020 8375
5729 8662
6347 5509
619 5863
6554 6610
1095 4847
5585 8924
4846 3897
1512 8663
3741 9606
1730 4300
6298 5168
623 6986
3014 9559
4908 3895
2100 9141
2359 3894
2381 3897
5437 8919
6655 6988
3862 9602
752 5509
4206 9557
2406 3899
2703 9465
907 7716
6271 5163
560 6612
4975 9324
1750 4302
4181 3664
4943 3896
2250 3894
4801 3896
1986 9140
5884 8666
819 7714
5280 9142
6014 4850
2361 9327
3722 3619
1014 5167
1094 4849
3495 3614
6410 7716
1674 8919
3107 9559
594 6235
3882 3615
1435 8664
4996 3897
4819 9324
5248 4080
2686 9461
858 5504
1270 8371
3343 3614
6313 5506
6001 4847
6623 6984
4977 9324
786 7713
1769 8923
6059 4849
2053 9140
6449 5863
3838 9602
715 6983
774 7714
629 6988
1030 5167
5129 9145
2439 3897
1983 4076
2002 4076
6417 5505
2026 4081
3458 3616
5495 8921
1271 8372
894 5165
4476 9466
4633 3758
1432 4557
6658 6612
1610 8923
3401 9602
3773 3619
1707 4300
1459 4555
6184 8054
694 6985
2676 3758
1467 8662
865 5504
5539 4297
6512 6235
4555 3758
5143 9144
2599 3758
6195 8055
2764 3755
638 6984
2264 9327
5231 4080
4513 9464
3741 9605
5194 4076
2683 3755
2647 9464
2291 3899
6474 5509
1431 8664
6507 6236
2661 9465
6281 8057
5250 4079
766 5866
1659 4297
1201 4850
1006 8055
3781 9602
5590 4301
6004 8373
4824 9326
6595 7355
2688 3756
3474 9606
734 7354
5766 4556
1181 8371
5966 4845
6128 4845
5898 4555
6614 6233
5513 4297
1255 4849
6466 5864
667 7359
839 7714
4894 3896
3890 9603
6130 8372
6490 7355
578 6610
5250 9145
6362 7712
6400 5504
2353 9323
2336 9326
6046 4845
6234 8057
2025 9140
2317 9327
4617 3756
6448 7356
5971 8376
1115 8376
6486 5862
3894 3617
6079 8375
605 6984
6650 6612
5453 8920
4220 3665
703 6235
869 5507
6339 5164
6340 7712
1163 8372
4191 3666
6658 6234
657 6986
3359 9607
4531 3759
4530 3759
747 7359
1678 8920
3342 9602
4619 9463
4179 9554
807 5865
4518 3757
4262 3662
3349 3619
3000 3665
553 6988
845 5505
5882 4557
5440 4301
4582 3755
3087 3663
3400 3619
3044 9555
3767 3618
6582 6987
575 6610
1214 8371
6443 7714
5182 4076
6500 6984
1668 8920
938 8054
6264 5167
5445 8919
2430 9327
731 5865
925 5506
4915 9325
792 7714
4240 3667
6674 6983
6601 5862
5795 4558
4472 9463
6196 5167
5259 4078
651 5866
4130 3665
2032 9144
5284 9141
5903 8664
2037 4080
6343 7716
4521 9462
3469 9605
4990 9326
6558 5864
5780 8663
6539 6985
2067 4079
3075 3667
3406 3616
1749 4297
6531 7355
2698 3756
642 6238
6088 4847
4504 9466
1089 8057
6318 7713
5892 8664
6716 6611
960 8057
5236 9145
3369 3618
4899 9322
2794 9466
4107 9554
6058 8376
1650 8920
606 6613
6673 6611
3744 9602
6575 7355
4132 9557
6557 6612
744 5508
6229 8053
3089 3662
695 5866
1137 8372
764 7715
1685 4299
5449 4299
937 5166
5878 8661
1488 8664
3113 9557
5246 9142
931 8057
645 6611
1963 4076
6217 8057
5554 4298
