425 15
3697 9353
2575 7280
1746 6540
6295 7582
6176 7799
1648 7765
4394 5882
6959 5824
2813 8573
6136 6609
8271 7484
1192 8506
1470 5978
4888 6074
2406 9348
5805 9104
3390 8700
2817 8738
1646 6827
7165 5829
2195 9004
5873 6365
8464 7676
3373 8980
3337 8731
4809 5990
1944 8115
2564 7344
1599 6261
5795 6578
3340 8532
6780 8826
9088 5789
7770 8394
7573 8883
6797 8862
4799 9530
1809 8012
6407 7991
3225 9287
4001 9108
4823 6082
1832 7848
1795 7790
4658 9827
5759 9119
8133 5948
2523 7216
3002 8730
8614 8006
7582 8434
2371 7209
6726 8698
2098 9229
804 6947
7637 8464
8278 7554
2883 8901
2996 9137
5567 9556
5379 6084
6055 6649
2569 7086
3985 9138
3977 9089
7913 8667
6368 7703
8668 7770
7183 5960
1942 8014
3928 9071
7195 5986
2822 8810
6255 6709
4075 9102
8762 7753
6947 5873
1241 8501
713 6892
1798 7793
3993 9110
2667 9061
2384 6972
2441 7044
2704 7251
8117 6374
7723 8435
3429 8849
7043 5677
4681 9526
8114 6272
634 6793
5276 5644
4313 5739
3975 9108
3304 9257
7616 8458
3355 9333
8750 7731
5676 8984
7220 6045
5178 5546
4050 9120
1143 8412
4823 9517
1102 8446
2648 8826
7170 6232
4057 9074
8451 7442
8488 7580
6223 7739
6203 7633
8694 7596
2054 8937
1455 6591
1342 6216
8921 7959
4358 5898
2297 9206
7401 7921
6796 8895
7300 8415
4859 6088
4727 9580
1610 6143
4207 5745
6422 8073
4894 6113
3316 8853
4883 6120
3187 8623
8233 6103
1042 7139
6898 8860
7711 8659
4373 6131
7221 6074
3388 9064
2994 8887
9120 5629
5968 6574
4044 9125
6863 8786
783 7290
5565 9450
2522 7236
8168 6168
3363 8883
9123 5725
4483 9097
2483 7018
8336 7597
6910 8886
7899 8181
925 7380
8816 8099
1396 6347
4891 6067
2478 7072
5447 9097
6847 8779
3365 8698
6008 6367
2213 8814
7169 5846
6726 8854
2187 9103
9263 5734
872 7067
7398 8517
6890 8881
5593 8849
6174 6460
8236 6075
6506 8023
700 6626
5828 6612
5797 6154
3854 9027
8445 7838
5812 6267
3214 8534
4902 6052
1498 6414
1704 7825
7855 8494
691 6981
6074 6724
6345 8240
8793 7877
8321 7472
5190 5792
4901 6111
3212 9268
3646 9018
4413 9676
1121 8380
3240 8736
5211 5864
3214 8725
8035 6195
7422 8264
1114 8397
4065 9082
4859 6149
3449 8869
6337 7582
7050 5914
1225 8437
6075 7801
2503 7153
7857 8377
7989 6119
1693 7846
9090 5593
4903 6131
2305 9556
3516 9716
4017 9068
4258 6010
2339 7095
3026 9568
8013 6202
7841 8601
2104 8624
3577 8965
4832 6071
5740 9121
8620 7908
5217 5929
6411 7618
6076 7632
7552 8380
1748 7770
1213 8459
7165 5981
8127 6283
4893 6153
9200 5703
6878 8798
3926 9110
4096 5537
1654 6524
1791 7871
4055 9143
4423 9162
7982 5923
8301 7734
7646 8462
5466 9008
5702 9802
7752 8121
2368 8810
1833 7842
4492 9427
3141 8459
766 6877
4090 9179
7882 8710
4442 9212
7990 8357
8818 7751
7050 5809
8948 8067
8242 6312
6868 8914
2527 7233
8324 7567
8157 6311
8464 7576
4131 5831
4794 6042
2292 9227
5422 5871
6876 8787
5926 5964
1222 8460
3011 9352
944 6758
8397 7654
4309 5668
6174 6171
1608 6135
3334 8845
6799 8795
8122 8603
4410 9470
2411 7190
7912 8254
1221 8425
3612 9332
5414 5801
4377 5969
6105 6517
856 6710
3090 8700
1761 7998
2446 7175
3173 9286
2670 7432
1974 9061
8112 6117
3136 8637
6785 8799
9264 5602
5416 5922
863 6897
1482 6125
2944 9283
762 7247
1340 6208
8107 5990
5672 9293
3577 9048
1716 7995
8946 7922
9125 5715
6798 8815
7321 8362
5115 5722
1122 8445
5916 6109
1074 8384
5436 9504
6945 5810
3378 8764
8983 8125
1152 8428
9284 5708
7589 8532
5794 9347
728 6748
8478 7697
1786 6523
8791 7780
4148 5664
907 6687
4257 6054
8568 8022
7839 8617
8875 8153
9070 5643
4443 5895
8336 7659
7982 6117
5268 5953
9058 5651
1497 6282
2493 9300
8387 7633
5289 5810
1675 6201
4873 6151
3204 9011
1797 7956
4307 5727
7935 8440
7061 6040
8379 7578
4217 6029
6189 7425
5333 5634
4931 6178
5240 5829
1178 8422
7128 5896
5156 5719
7335 8329
8011 8802
5792 9492
1171 8422
6322 7593
4509 9657
8991 5485
8339 7388
9211 5436
7681 8366
3598 9468
2732 8975
1116 8473
7334 8101
3274 8750
5409 5821
6415 7812
1748 7890
8269 6400
3333 8913
1454 6158
2112 9158
5787 9029
7343 8318
7087 5818
2075 9351
5313 5679
9083 5381
863 7036
5512 9331
6402 7569
4472 9512
2991 9211
3355 9086
4493 8961
4250 5588
4892 6069
3913 9058
9213 5832
4024 5678
7548 8579
1817 8107
8835 8379
6905 9005
9272 5648
3647 9441
6051 6910
2327 9073
5444 9319
9196 5607
2997 8804
4741 9227
4457 9290
2196 9413
7763 8623
4667 9170
1155 8396
