350 50
9596 6140
5399 6068
6300 5492
5260 6049
8435 5421
6439 5691
4538 5628
4796 6198
2173 5572
3775 5854
9622 6236
9601 6029
5415 5679
7610 5436
1781 5707
8443 6089
4453 5791
7623 5953
4505 5740
5425 5792
5250 5946
8721 5638
6668 5453
4988 5721
5247 5684
6042 5729
3129 5711
5028 6293
3930 5666
7601 5600
2847 5829
4460 6377
6612 5647
8459 6003
1243 5753
3939 5594
3134 5905
1925 5973
3950 5751
8442 5638
3716 6111
6068 5835
5591 5769
2172 5278
8102 5686
4833 5958
5587 6106
6619 6084
2188 5995
3100 5579
4177 5939
3118 6028
831 5371
1219 5817
9401 6476
5046 6132
6611 6169
4528 5812
645 6084
2842 5611
2254 5582
4162 5757
3316 5905
3506 5887
9223 5606
2968 6147
2183 5852
3756 5963
7393 6258
8907 6088
2557 5827
1555 5864
2198 5708
5605 6093
3693 5226
3501 5749
6655 5588
3332 6030
3703 6266
5244 5306
5848 5950
2264 6201
4995 5389
8685 5428
8107 5880
2535 6397
6053 5616
9402 5924
648 6244
9414 6106
6870 5396
675 6423
863 5569
9410 5372
3722 5395
8722 6502
7827 5846
2187 6119
671 5900
6632 5746
3511 5683
7863 5911
7334 6608
867 5729
9231 5531
8143 6047
4324 5697
6437 5462
4809 5753
5614 5861
3785 6006
1555 6017
1563 5196
3138 5399
8076 5475
6857 6103
5596 5882
5852 5757
3759 6057
9223 5462
8178 6278
5059 5551
2985 5522
3309 5776
3113 5489
7852 5732
6414 5627
4967 5546
5239 5398
4305 5538
4452 5633
2846 5532
5399 5923
6294 6189
5002 6103
5259 5556
4335 5242
9144 6114
4822 5629
5620 6175
3321 5884
1237 5850
2199 5415
8151 5822
4453 6063
3710 5580
1224 5988
6857 5746
2878 5894
6678 6103
3787 5889
4472 5505
7387 5891
6868 5922
5864 5833
5027 5353
7322 5719
1758 5650
9243 5950
4452 6225
6656 5858
2983 5939
7160 5829
7598 6129
8721 5962
2537 5400
9141 5395
5405 5870
2985 5316
2841 5432
4529 5867
4324 5990
6838 5590
6426 5828
6637 5846
9214 5893
6292 5832
8726 5697
5051 6491
9400 6307
1785 5524
7317 6385
8106 5642
7169 5864
8726 5482
7601 5773
5858 5869
4801 5531
2272 6048
3769 5968
9249 5799
5877 5999
3504 5826
9160 5756
8448 5779
5584 5692
4817 6082
9138 5590
3781 5907
2990 6332
7357 5526
7842 5788
2556 6214
4519 5595
3708 5944
8105 5553
1212 5874
6445 5902
8084 5785
9395 5567
2839 5761
6842 6442
4992 5200
8719 5885
7174 5963
4981 5919
8896 5551
2259 5419
4978 6288
9590 5873
6433 5733
1786 5590
1934 5941
8926 5658
6666 5324
7596 6307
3484 5635
3304 6068
7403 6075
3474 5778
6039 5547
1553 5690
6041 5485
656 5544
8718 5609
5843 5912
5031 5929
2974 5743
6614 5917
8905 5819
1928 5873
1909 5900
1753 5803
2257 5733
7350 5970
6835 6273
3961 5792
4834 5833
8145 5693
6430 5533
8719 6327
870 6321
7625 5264
6035 5759
8911 5947
7146 5723
3934 5631
3932 5896
5617 5979
7167 5786
1769 5833
837 6108
6059 5679
4148 6350
3303 5969
9593 5970
6650 5979
6312 6369
2564 6011
3329 5816
1560 5351
9140 5940
7146 5914
662 5719
5617 5743
1913 5820
2276 5894
1215 5923
3947 5853
8721 5755
7345 5328
5858 5729
4469 5941
7380 5258
870 5153
5625 5380
5429 5982
1536 5521
2530 5222
7384 5730
3107 5800
9590 5683
8696 5568
8157 5938
8141 5544
837 5921
2259 6391
8091 5951
1211 5919
6302 5318
8721 6135
9409 5733
2844 5667
8166 6189
1920 5869
6636 5997
9175 6450
3489 5701
1935 5969
7162 5747
7403 5404
4333 6114
1551 6193
5623 5631
2548 5601
9159 6285
9217 5687
8694 5813
8426 5520
7401 5583
5608 6043
4308 5386
8436 5859
4538 5785
4307 5824
1769 5747
5616 5931
6655 5704
4166 5568
6279 5669
8900 6342
7323 6185
6299 6016
7866 5773
9591 5772
7827 5875
7843 5673
5270 5784
5629 5498
8917 6224
8728 5769
4153 6543
4158 6132
4543 5682
2975 6542
671 5352
3710 5737
4174 5333
5408 5735
5046 5731
