290 97
2895 6180
4477 6859
6719 6465
4691 7080
2795 6049
4802 6446
4937 6892
4804 6806
4394 6824
6475 6325
5019 6994
2773 6164
2646 6111
2389 6455
4819 6940
4647 7155
6778 6422
2749 6090
4594 6861
2505 6449
4945 6407
2329 6074
5181 6804
4981 6734
2231 6226
6850 6342
4433 6967
2711 5811
6734 6142
2182 6513
6439 6273
6633 6361
4880 6338
4638 7197
2621 5957
6723 6091
4466 7018
6819 6284
4911 6917
4979 6868
2657 6264
6811 6131
2646 5908
6479 6198
2587 6027
6564 5870
6658 5917
6697 6363
6367 6106
5106 6778
2777 5903
2609 5818
6653 6552
4724 7064
5208 6696
6711 6535
6919 6350
2871 6106
4728 7307
6613 6183
6524 6415
4509 6926
2749 5887
2814 6087
4988 6826
4610 6911
4764 7157
2829 6291
6421 6006
4807 7133
2860 6264
4433 6984
2852 6068
4588 6735
2499 6238
6321 6149
2362 6221
6867 6164
4462 6741
4783 7040
4825 6589
4634 6970
2432 5958
2611 5898
2512 6457
2561 6279
6624 6221
6670 6400
6602 6106
6655 6254
4507 7043
4834 6547
2818 5935
2529 6226
4724 6604
6452 6261
6694 6217
5054 6861
2373 6077
4394 6807
2366 6366
2830 6168
4897 6749
6874 6393
6724 6510
6668 6489
4556 6651
2560 5996
6574 5959
4993 7002
6486 6154
6841 6189
6459 5994
6535 6009
2885 6216
6920 6337
2349 6206
4803 6429
6714 6408
4777 6454
4342 6907
5239 6404
4979 6851
6616 6513
2410 6370
5138 6896
6440 6013
4979 6390
6601 6132
6334 6150
2378 6505
4895 6422
6626 6158
6808 6220
6691 6579
4759 6554
6446 6242
5004 6877
6506 6383
4708 6570
6640 5898
4588 6702
2475 6570
2291 6107
6718 6046
4645 6812
6582 5915
2488 5991
4873 7150
2415 6189
2388 6266
4863 6355
6946 6548
6345 6226
6420 6044
6931 6376
2694 5948
2749 6184
5065 6769
6570 6334
2332 6233
2496 6078
4918 6992
2778 5889
6793 6334
4807 6639
2493 6216
4784 6990
2478 6324
5060 6543
2688 6332
6775 6054
5275 6697
2429 6407
6481 6344
4595 6777
6586 6442
2475 6461
6860 6196
6762 6511
6616 6291
2491 6245
2303 6340
2772 5975
2595 6412
6696 6401
6785 6168
2491 6042
6735 6339
2341 6118
2626 5979
6404 6158
6695 5969
4570 6819
4501 6935
6698 6064
2695 6028
4625 6979
6755 6530
6539 6314
4710 6947
6427 6000
6353 6157
2565 6519
2556 5851
2579 6034
4461 6808
4771 6772
5077 6526
2676 6302
2325 6334
2311 6428
2956 5844
6797 6169
2406 6021
4959 6558
2689 6020
4566 7003
4774 6638
2750 5981
2590 5984
2495 6390
4716 6612
4737 7282
6589 5884
2446 6568
4831 6714
6584 6074
2983 6157
6503 6002
6389 6221
2422 6196
6730 6294
4950 7093
2321 6189
6917 6191
4863 6782
2497 6158
4904 6875
6813 6277
2977 6150
4954 6876
2525 6472
2633 6393
2461 6555
4387 7226
6862 6367
6659 6362
6444 6096
6419 6304
6810 6182
4950 6599
4915 6682
6885 6197
6654 6057
4418 6883
2578 5845
6476 6300
4640 6619
4572 7128
5043 6559
2577 5859
6329 5896
2439 6169
2499 6035
2817 6247
6676 5975
2524 5892
4854 6840
6791 6150
2666 6432
2357 6387
6662 6483
6785 6378
4658 7013
4835 6974
4922 6791
6676 6419
5084 6618
6744 6244
6580 6004
4536 6818
2478 5932
2883 6041
6562 6169
4755 6772
2801 6072
6934 6287
4787 6839
4691 7063
