500 250
8218 5999
8944 7840
8978 3759
7361 6032
7345 7096
7482 5146
7517 5886
6643 5962
3818 5717
3069 8110
2737 7150
3534 5814
3264 6654
8893 7480
8961 6020
1750 7524
5848 6296
5839 4381
2755 5596
8005 5634
6580 4485
6066 7334
6659 5959
7386 6137
5797 7659
6388 4987
7903 4070
4529 4937
6551 5227
4200 5239
3296 5097
6634 6099
6581 4557
4205 7777
3863 7360
6166 4870
8245 7622
7557 5033
1819 3722
3818 4102
2807 5779
5032 7783
7075 3308
2860 4855
4861 8002
1770 7678
3940 4889
3334 5522
7313 6687
5039 7613
2459 6409
6276 4170
6457 4239
8055 5808
8492 5731
5884 4727
8933 6299
1566 7399
2769 3427
1567 4061
3809 8105
8230 6115
6644 3875
3189 5632
6637 4526
3581 3414
8683 6470
6702 6351
7995 5759
7309 4278
7822 4895
4179 7618
7408 6093
7899 6552
6512 5114
5867 5144
4277 5912
5039 5170
3877 7337
5280 7331
6149 5664
6653 3805
2359 4946
1110 7148
6220 4878
5886 5455
5987 5007
5240 5663
3390 5341
6923 8099
7462 6021
6671 6242
7798 6539
5922 4226
3465 5954
3759 5722
6299 5675
2631 3746
5052 7799
2637 7750
8170 6000
6007 5630
3936 5768
8652 3321
3343 5109
8348 6385
6596 5382
7798 6512
6549 4673
6293 4141
4182 3837
8670 6478
7233 6602
3590 5826
2674 4424
7162 5669
4215 3676
2941 3353
3162 8058
5985 4826
6706 6680
4168 4460
8713 5720
6557 4720
5462 5656
6691 3504
4951 5419
8238 6178
8378 7416
3586 4044
8344 3998
3237 4018
5080 5104
2899 7353
7441 6718
7887 7262
5298 6464
1775 6959
5999 4828
6260 4883
8819 4184
4501 4174
5860 5498
4268 7552
3205 7402
5037 5339
8740 7378
7319 5074
3397 4495
6801 5807
7632 4974
7834 5740
3752 6545
3335 5497
6375 4970
7403 6120
8573 4073
7479 5914
5120 7435
6686 6731
1997 6575
4131 4648
6734 7205
3435 6235
6640 3550
2922 3362
8411 4016
6876 4044
1315 7335
8569 7318
4056 3415
2918 7359
1522 8063
5893 5522
2778 7416
6591 5302
8552 4086
4663 7327
8286 5492
3584 5018
6994 3323
7274 6648
8423 7376
3354 5171
6656 5366
1654 7450
1777 7646
1834 3768
7094 8068
5830 4517
7944 5664
6185 4116
2997 5710
7491 6364
2834 4015
8150 5952
7327 5122
8302 3528
5868 7900
2651 5479
7022 7347
4212 4436
1839 6204
5793 7730
1996 5602
5581 8026
7016 4902
7336 6320
8950 5988
7300 3442
6681 5934
3030 4939
5620 6443
7112 8072
8470 5732
6564 5296
7484 4738
6630 7727
7751 5747
7438 7797
1424 5684
8318 3943
6665 3894
3430 3826
3369 7862
3735 8097
4765 4186
3362 7599
2666 5126
7019 3306
6572 5194
8612 8098
5138 7957
7377 6173
1275 8032
6213 4160
4113 3460
2563 3915
6978 7330
3584 4002
7368 6865
7410 3668
8163 6935
8961 3551
3265 5582
8569 3350
1919 5062
5841 5367
8246 5988
5843 4509
1055 7867
3422 5252
2596 5399
6383 5772
4225 3751
4498 3363
8710 3329
3950 8044
6615 6173
2671 3875
5998 4970
8452 6463
3163 8083
3435 6229
1427 3316
7382 7858
7169 7251
3389 5275
7364 3792
7362 3604
8668 4104
8004 7221
7212 7997
8106 5109
2678 5440
3617 3357
3362 4375
1796 4381
8262 7828
3171 5666
5121 7454
5780 7685
8700 6457
6887 4085
8726 5746
7592 7401
8961 3728
5496 4956
3458 3813
5894 5496
7172 5645
8320 3480
7548 6655
7283 6374
2658 3680
4780 5648
3684 6447
2676 3539
7981 6426
6856 3371
4879 5070
8230 3747
1788 3644
7975 5662
5146 4812
8153 6220
8980 3573
6012 4988
3454 3718
8240 3650
2575 3729
8488 6460
3336 5125
7573 5839
7351 5938
3260 3982
2691 3537
5499 4147
8300 5880
6619 5280
5786 7671
8148 5995
8314 4261
8379 6414
8399 6461
6102 4943
8157 5442
5783 7777
7629 6569
8963 6306
6078 7350
7447 6037
3371 7804
6825 7220
1302 8060
3368 4516
5287 4866
8152 5443
1735 4283
6722 7177
8293 3956
3374 6066
4104 4229
7964 6442
2577 5377
5428 7344
3339 7874
6771 4001
7451 6055
8357 8000
8856 5833
8170 5342
5121 7961
8619 4122
6205 4104
4163 6254
8900 4748
8361 3422
5012 5313
8328 5839
6580 4440
4999 4387
7730 8083
7604 6615
1859 5418
7705 7340
8981 6220
7364 3806
8082 6380
8962 3820
5645 5044
1440 8088
4239 5172
3451 5385
8298 7479
8426 7387
3514 5867
3352 5212
1578 3348
4146 3808
4263 3812
6806 4027
6839 7373
7087 4115
4040 5578
5767 7577
8983 3769
8122 6282
8342 3951
7018 5722
2396 4163
4781 5625
8367 3963
6591 5296
8708 3328
8191 6166
3083 3338
7607 4995
8310 5514
6290 5704
6026 4166
3272 4816
5999 5627
5240 5652
8054 5009
6657 7025
3465 3554
6554 4395
8850 7413
6407 4182
5029 6019
7115 6536
5508 5678
3228 4004
5745 5157
8957 7641
5836 5307
3348 5105
7817 5703
5890 5487
2294 6530
1973 6424
8982 3790
7935 6564
6681 4714
9001 3758
8115 6367
2743 7981
4070 3963
1487 4134
5236 7384
4864 4232
8178 7001
4923 5087
5867 4678
4275 4352
4333 5030
4169 3829
8257 3868
3867 6464
5577 7345
6944 7277
8128 6315
8993 6074
4940 5481
4447 4986
5851 4401
1893 6737
2992 4157
8412 3382
8306 5875
9001 3658
1032 4553
8496 5744
3381 5362
6716 3451
8245 6873
4103 3932
2505 7940
4873 7155
4774 5644
3855 4125
5647 5040
6463 4224
2651 4422
5180 5037
5517 8065
2761 4800
8113 6358
8939 3937
4162 3833
7394 5261
8946 3582
8353 4228
6755 8003
1902 4314
3740 5710
8246 5451
7011 6488
4568 5693
5955 6385
8488 6453
2464 4241
8270 7564
1966 7202
8227 6084
1412 7329
2644 4638
2895 4932
2032 3364
1347 8103
7299 7965
3419 3792
5975 4818
5965 7423
3021 8076
8918 5901
7892 5705
3445 6305
7315 7914
