475 100
4060 3828
4317 4117
4057 3392
4187 3319
3811 3592
4577 3474
4384 3416
4174 3530
4579 3595
4088 3907
3826 3779
4600 3607
3988 3557
3856 3642
4076 3190
4244 3885
4487 3891
4647 3771
4772 3791
4169 3740
3878 3400
4651 3469
4585 4117
4833 3437
4323 3856
4703 3488
3996 3254
4376 4177
4094 3239
4830 3558
3789 3657
4142 3486
4315 3835
4880 3707
4286 3430
4412 3807
4765 3948
4036 3874
4311 4191
4384 3970
4642 3809
4642 3476
4226 3220
4253 3408
3966 3712
4564 3976
4208 3921
4500 3498
4027 3730
3931 3509
3920 3981
3999 3731
4484 3202
4718 3940
4822 3502
4174 3496
4348 3427
4246 3324
4016 3310
3929 3972
3867 3862
4380 3340
4517 3935
4507 4093
4546 3535
4423 3997
4371 3927
4033 3352
4105 3144
4433 3168
4400 3416
3807 3672
4078 3837
4393 3846
4182 4153
4197 3956
4558 3627
4779 3370
4032 4006
4117 4173
4515 3909
4481 3494
3961 3729
4253 3107
4555 3919
4028 3263
4508 3338
4142 3711
4456 3859
4089 3389
4077 3425
3901 3298
4193 3739
4353 3297
4618 4008
4229 3790
4816 3742
4476 3473
4216 3101
4659 3605
4351 3357
4502 3689
4475 3868
4404 4176
4496 4130
4733 3275
4095 3702
3880 3375
4192 3969
3988 3694
3887 3909
4210 3884
4024 4060
4362 3889
4437 4100
4252 3375
4549 3258
4040 3377
4362 4194
4063 3873
4148 3761
4280 3142
3947 3347
4497 3726
3892 3620
4851 3854
4691 4030
4187 3185
4500 4102
4185 4020
4753 3483
4833 3732
3773 3728
4276 3102
4470 3451
4221 3813
4564 4051
4394 3078
3940 3549
4690 3290
4519 3169
4716 3243
4267 4134
4476 4142
4157 3613
4715 3296
4546 3179
4663 3314
4547 3786
4201 3321
4831 3566
4014 3370
4660 3440
4184 3548
4048 3710
3903 3351
4662 3790
4009 3545
4106 3681
4178 3084
4813 3466
4235 3818
4148 3749
4586 3298
4566 3583
4139 3450
3860 3682
4460 3381
4046 3897
4838 3767
4304 4153
4589 3161
4225 4039
4083 3574
4724 4011
4683 3976
3929 3770
4718 3653
4156 3779
4536 4035
4573 3287
4679 3220
4266 4135
4547 3995
4580 3760
4223 3914
4516 3716
4068 3132
4612 3798
4730 3885
4386 3176
4745 3315
4749 3306
4782 3655
3781 3764
3896 3571
4863 3524
4665 3475
4185 3260
4592 3465
4155 3792
3813 3819
4412 3462
4395 3979
4813 3735
4890 3622
4342 4082
3839 3602
4677 3622
4597 4075
3909 3563
4870 3683
4499 3787
4740 3345
4502 4109
3851 3637
4108 3412
4797 3312
4251 3452
4075 4063
4483 3532
4210 3371
3882 3409
4582 3221
3881 3962
4241 3411
4077 3560
4126 4073
4493 3738
4546 3596
4176 3530
4412 3496
4614 3998
4737 3627
4484 3454
4569 3279
4604 3490
4111 3560
4124 3660
4380 3438
4212 3949
4503 3919
4503 3712
4191 3978
4046 4102
3928 3240
4140 3232
4067 3702
4706 3968
4549 3703
4347 3933
4565 4089
4214 3459
4813 3758
4404 3832
4536 3327
4805 3413
4358 3827
4634 3620
4000 3705
4732 3304
4573 3604
4457 3787
4590 3768
4792 3486
4243 4049
4485 3190
4557 3509
4496 3517
4018 3557
4539 3969
4464 3840
4528 3378
3787 3580
4546 4130
4125 3589
4573 3514
4034 3965
4403 3949
4356 3333
3928 3504
4588 3618
4241 4145
4409 4051
4493 3582
3997 3928
4062 4110
4480 3843
4768 3659
3931 3290
4141 3810
4824 3848
4102 3428
4127 3768
4140 3628
4119 3468
4540 3597
4689 3852
4373 3332
4340 3825
3931 3706
4396 3278
3888 3708
4680 4069
4251 3496
4814 3884
4591 3791
4607 3165
4516 3382
4116 3839
4139 3426
4160 3106
4205 4178
4261 3357
4725 3405
4454 4194
4681 3392
4019 3567
4315 3082
4626 3476
3895 3372
4008 3912
4421 3830
4788 3599
4660 3809
4040 4041
3771 3525
3793 3460
4203 3252
4092 3674
4512 3383
4350 4096
4463 3498
3859 3462
3834 3827
4007 3327
4343 3447
4703 3817
4373 3923
4088 3863
4073 4070
4770 3899
4173 3316
4085 3843
4201 3799
4661 3618
4169 3685
4356 3182
4804 3590
4743 3637
3950 4054
4200 3438
4334 3434
4724 4006
4426 3429
4562 3326
4529 3696
4278 3834
4534 3631
4741 3801
4293 4187
3794 3641
4442 4117
4793 3800
3957 3911
4639 4062
4380 3280
3886 3785
4150 4019
4374 3882
4632 3175
3802 3517
4351 3367
4841 3693
4246 3122
4801 3390
4372 3264
4232 3836
4208 3992
4654 3220
4035 3696
4099 3414
3853 3324
4716 3647
4548 3949
4353 3186
4856 3503
4173 3456
4091 3577
4047 3242
3926 3897
3860 3845
4474 3794
4137 3530
4123 4115
4639 3801
4379 4009
4452 3396
3942 3548
4590 3682
3961 3558
4334 3426
4068 3224
4308 3118
4115 3205
4457 3069
4402 3455
4191 3256
4719 3926
3922 3871
4156 3581
3840 3424
4891 3649
4222 4093
4214 3152
4645 3286
4068 3617
4701 3971
4786 3713
3974 3206
4188 4013
4134 3722
3984 3233
4386 4038
3984 4044
4315 3135
4547 3497
3908 3372
4331 3111
4757 3967
4813 3798
4035 3195
4249 4119
4378 3857
4291 3850
4386 3244
4669 4090
4522 3657
4285 3864
4522 3147
4884 3585
3888 3868
4461 3872
4294 3818
4548 3931
4814 3471
3949 4048
3944 3719
4515 3357
4383 3230
3942 3765
4244 3360
4533 3291
4726 3451
3884 3843
4051 4086
4135 3678
4700 3638
4519 3142
4558 3178
4373 3301
4375 3995
3979 3348
4022 3225
4611 3779
3850 3440
3908 3502
3905 3886
4249 3889
4234 3159
4472 3140
4393 3090
4297 3434
4218 3483
3776 3612
