450 50
6239 1686
6774 3902
4633 4095
4662 4406
7101 3545
5896 2360
6232 1523
7978 4308
7803 2651
7392 3934
6296 2069
5434 658
7165 2360
7035 1252
7841 4360
4662 4038
5548 2063
5746 4327
6732 3311
6959 3924
6750 3253
5194 3477
5953 2828
7185 3540
5082 4082
5764 3557
5421 3247
6319 3305
8320 2491
7828 1198
5951 1624
5207 1242
6558 2308
8201 700
7560 3464
6277 4012
7555 4259
5055 1129
8324 1503
8381 2337
8218 3291
7763 1875
6558 3175
8242 1081
7006 1596
6188 3937
4966 779
6681 1714
5556 3471
7437 1573
4999 1216
8367 3704
7751 3108
6587 3308
5059 712
7464 1641
8151 3488
7486 3578
8320 2911
7152 1536
8183 2251
4748 4411
6650 2406
4711 4108
6359 1687
8295 3473
8311 4499
5565 846
5096 914
5059 3300
7508 897
7994 1090
4655 2836
4637 3837
7168 3605
5067 3974
6671 1580
7911 3880
5496 815
7158 3856
6637 1155
7530 3527
8251 1580
5439 3683
7466 1448
8227 3711
6309 4497
5467 910
5441 2318
5165 2771
5095 658
5880 4459
6310 1563
7982 898
4568 3902
7977 680
8366 4342
6632 4036
5459 2023
4944 1076
7389 3653
4934 2010
6359 1483
8384 2273
5056 1236
5025 873
6723 3091
6941 4283
6389 1553
7157 4273
8277 3095
6142 3274
5425 2427
7490 3888
6589 1277
6678 1053
5600 648
5044 3172
7015 2007
6748 1688
7923 3999
6751 3578
5382 2338
5031 658
6976 1166
6686 1653
8332 4399
7983 2776
6560 1477
8233 808
5755 3170
4946 3275
7991 1976
5043 814
7891 3564
7205 3459
6723 3472
5158 1165
6989 1696
6156 1710
6382 1628
6760 4000
7952 3099
4563 721
5183 905
5545 2256
6265 3878
4532 2293
6699 3848
7909 2048
6251 1592
8222 4408
4637 3290
6680 3910
6649 3150
7334 795
7038 3594
8158 1469
8150 4260
6599 1615
5831 711
4704 3604
5067 1061
4579 839
7933 2322
5111 823
7917 1863
7041 4103
6371 3637
8201 1535
7104 3695
6781 1481
4746 1624
4965 3216
7921 2891
5518 3078
8217 2869
7132 1454
6634 1498
6126 1614
7332 3605
7764 4462
7017 3451
7044 3513
6297 1711
4805 4064
5601 1466
6750 1607
8325 1644
7781 4106
5365 3505
5136 1598
6978 3632
5093 3584
6972 3556
6675 3665
7191 1657
8161 2383
7194 3534
6965 3693
4641 3929
7005 1920
7735 2465
7765 3279
8181 1606
7836 4504
5056 2058
7122 3575
7754 2871
7984 4504
4768 3878
5347 3118
6704 1486
5787 3111
5902 1675
7868 4278
6954 3461
7171 1073
6790 4303
4793 3977
6598 1708
6724 1286
6125 1103
5350 669
8277 3607
7049 3594
7054 1684
8282 3686
8171 3089
8354 3634
7931 1991
7037 2508
6730 2432
5576 747
5963 2756
6139 3541
7206 3617
4568 4333
7175 2057
8289 1447
6669 3230
7796 2003
7984 2098
6948 1578
7394 1480
5107 3166
7098 3469
7032 3689
7403 3504
6667 4108
7763 1175
5530 1967
6288 3241
4939 4260
6574 4106
5108 3926
7504 4423
5584 3157
5009 2371
7130 4035
5340 897
6612 771
8360 3470
7560 1458
5898 1141
7924 4418
8191 1708
6542 2506
5049 2439
5606 3610
5146 698
6961 1487
5392 1884
7828 2848
5012 3115
6169 1525
7964 2671
6311 1643
7786 2778
7744 1288
7548 2085
7139 4338
7059 1504
6596 2065
8220 1448
6682 2352
5809 4100
7586 1209
4664 2758
7955 1680
6609 3214
5100 756
5064 2328
5481 702
7427 3156
7558 3692
7977 2844
5203 1110
7811 3479
7985 1182
8005 4038
7785 4397
8250 4306
4997 4475
5340 3247
4551 4002
5192 825
4959 1263
8143 3292
7138 4445
6319 1114
7411 4294
6658 3593
6760 4062
4745 896
6529 3234
5132 1874
5933 4365
7028 3875
8139 4412
6951 4091
7797 1942
6183 1634
8347 1581
5775 2775
7184 1300
4938 881
5779 4267
5562 2367
7875 801
8218 3481
4674 737
5341 803
7812 3228
7866 1292
7884 2649
8288 873
6803 3063
7131 3463
7575 3959
8383 2418
5104 3040
5349 3656
7049 3607
5877 2762
5125 2016
8355 3054
8160 1988
8202 3647
6945 1309
4631 2281
6573 3115
5194 643
5776 765
6745 3175
5162 3110
5386 1308
8369 1450
7932 3626
6285 1492
5959 1237
7973 4377
5735 1634
6564 3916
5422 1503
5065 1848
5160 3272
8176 4341
6960 2095
8313 2362
6376 3998
5092 1300
8156 3592
6777 2286
6185 1452
5743 2709
6143 4003
4705 4477
7031 3706
5906 3286
7949 1925
7124 1254
8377 1678
5190 749
8401 4245
7814 2084
7590 2042
5205 1857
7976 1840
7862 1895
6343 3082
5567 3958
8309 1704
8357 3946
5421 847
4976 712
7737 1985
7132 3636
6152 2259
7788 778
6592 3039
5086 3104
6799 3289
7183 3677
6149 3112
7034 3484
7747 2051
7129 1595
6960 3560
7466 4001
4966 3709
5171 4012
8327 1942
4728 691
4934 1152
6188 3849
6180 4067
7578 4062
8380 3561
4949 3098
6743 1539
7375 886
6377 3916
5873 1209
7338 2257
5444 1166
4618 3667
4941 663
5406 1663
5152 1289
8309 1129
4780 3039
7788 2408
7039 4364
6357 2329
7122 3197
6713 812
4728 3985
7493 4497
8183 2441
6385 1941
6737 1069
6539 2411
6538 1602
8298 3307
5391 3047
8259 1652
8199 2500
4937 4481
8382 2502
