498 100
781 7446
6904 7276
5476 7178
713 7398
6996 7270
2445 7506
4804 6469
2377 7303
5218 6652
4617 6518
6998 7198
5260 6610
5685 7257
2430 7254
4941 7152
6953 7395
6976 7329
2248 7379
7042 7266
5248 7201
6987 7359
2304 7325
2444 7304
2420 7305
4093 6307
848 7689
5184 7039
2372 7276
2381 7396
2400 7286
5648 7034
4446 6524
4677 7026
4574 6280
2397 7314
4584 6803
5137 6727
1137 7380
2635 7405
934 7601
5112 6728
2446 7358
968 7328
2332 7344
940 7480
5092 6829
2381 7201
520 7363
5548 7294
4621 7072
2269 7323
1043 7576
2594 7352
5159 7041
868 7211
4289 6671
774 7327
845 7709
4781 6542
877 7664
756 7337
2369 7467
937 7661
1037 7343
5488 6843
6883 7095
5113 7118
4490 6560
4768 6513
6957 7455
6952 7277
5477 6923
5117 6913
4388 6752
681 7169
2363 7416
5641 7359
4640 6334
5407 6917
4904 6760
2387 7447
6899 7226
7085 7393
5730 7154
2542 7498
2438 7343
5690 6882
2398 7329
6993 7261
2523 7437
2424 7480
4740 6637
4482 6370
2452 7222
5662 7003
5403 7207
1113 7397
615 7134
6945 7223
4733 6466
5329 6676
535 7454
4639 7050
2365 7479
5658 6928
1036 7297
4720 6750
2469 7536
2486 7282
6884 7274
977 7701
6965 7201
5491 6807
4401 6781
6985 7127
5794 6866
4321 6789
6953 7219
4816 6700
5586 7262
2351 7421
5724 7055
6897 7246
7062 7306
5526 7260
5441 7260
916 7657
5379 6954
6880 7314
417 7427
2532 7534
4895 7096
7099 7378
1008 7448
2428 7394
2645 7459
2643 7404
2477 7357
2626 7463
5103 6834
4958 6908
4537 6415
4931 6629
2551 7439
804 7382
2445 7335
2558 7513
5610 7066
6945 7284
910 7538
5022 7053
6896 7218
1109 7452
4780 6431
5023 6650
2611 7487
2354 7475
4949 6717
4258 6865
7046 7403
4815 6993
6879 7262
4755 6686
5664 7053
6976 7154
2434 7444
4368 6441
4484 6390
2366 7405
6887 7183
6998 7250
1106 7392
4470 6250
4461 6261
6962 7430
719 7276
913 7277
4540 6656
2553 7299
963 7336
5350 7160
756 7497
2639 7408
6976 7254
5216 7077
6940 7310
2481 7540
4626 6507
5574 7038
4404 7022
2520 7546
4261 6794
4755 7109
839 7156
5420 7251
4865 7200
5376 7269
6947 7378
6987 7420
4673 6785
730 7582
6914 7467
5434 7220
768 7288
5087 7009
4749 6939
653 7321
978 7507
5659 6868
2300 7404
5549 7319
587 7285
5413 6932
775 7534
5659 7318
6927 7362
7023 7203
7110 7407
4742 6768
4680 6643
597 7384
5189 7209
2471 7568
996 7577
4975 7071
2476 7334
7004 7328
2330 7297
4488 7055
6854 7271
536 7260
6868 7318
4967 6696
4777 6502
5119 6768
6941 7324
2618 7464
4396 6519
788 7372
6976 7178
5093 6939
5494 6772
784 7506
990 7698
5420 7056
785 7472
4675 7117
2499 7512
6942 7290
640 7403
4963 6656
2467 7482
2605 7511
6984 7450
605 7195
6895 7403
5215 6688
2418 7340
1018 7467
2539 7354
4769 6735
4696 6913
6900 7216
5200 7058
6999 7188
4647 6616
5248 6666
2373 7373
4762 7078
4185 6529
4758 6413
1028 7565
4517 6417
5711 7085
4693 6470
7041 7338
6839 7206
6817 7209
5224 6777
6939 7306
2314 7372
5741 6989
5520 6881
887 7602
2537 7471
5463 6844
7009 7317
2388 7380
2445 7245
2618 7374
5394 7228
2456 7241
5380 7063
900 7199
794 7364
6874 7349
1043 7416
2325 7344
654 7528
5494 7222
755 7451
1054 7401
6969 7337
572 7434
5630 7160
7006 7370
5400 6792
6980 7352
777 7420
602 7296
4627 6930
2353 7460
5382 6918
4313 6709
4682 6350
6899 7302
576 7220
6913 7339
529 7415
4156 6653
4198 6669
1101 7526
5854 6868
6948 7217
5200 6973
2581 7512
4472 6270
5603 7026
7053 7281
7082 7346
4151 6593
6915 7267
771 7508
5479 7143
5134 6677
2455 7486
5123 6927
2387 7521
2537 7300
741 7166
4684 6794
5137 6780
4643 7090
5228 6852
7044 7309
2380 7283
722 7256
4981 6634
2441 7421
4477 6420
7040 7510
735 7574
2257 7215
5331 6811
4636 6919
2409 7317
2514 7480
796 7537
2346 7483
887 7682
7075 7377
6930 7309
2559 7447
2446 7276
7000 7392
6926 7235
5333 6666
2301 7337
5294 7233
2571 7458
5101 6809
6852 7215
2348 7433
4203 6618
7015 7206
618 7433
7021 7398
7006 7195
910 7218
2329 7437
2382 7330
5196 6619
797 7504
4943 6547
4147 6664
1024 7506
844 7503
7118 7404
896 7734
2410 7520
594 7324
5663 7028
1136 7414
1182 7687
489 7455
2438 7530
960 7677
4966 6786
5086 6984
1128 7408
5407 7197
2663 7587
627 7325
5746 6893
5782 7007
7101 7396
4303 6609
2446 7350
933 7361
5223 6752
7067 7343
2426 7437
5567 6913
2425 7316
6897 7269
860 7480
424 7146
857 7581
6854 7233
4387 6954
616 7260
5072 6820
5371 6719
7008 7251
2401 7489
5263 7110
950 7498
2510 7484
638 7470
4160 6693
4653 6474
6917 7286
2570 7345
5928 7204
1133 7434
6924 7193
2427 7558
5700 6886
5546 7074
5200 6888
6915 7357
5355 6700
5747 6918
6873 7183
4447 6635
6955 7323
5644 7129
673 7518
4766 7008
6901 7420
6834 7255
2352 7429
7097 7360
2406 7524
5058 7009
6932 7275
6902 7220
7016 7196
4702 6459
6993 7223
4789 7247
2422 7433
5712 6830
2487 7501
6894 7213
4641 7181
6897 7283
7088 7411
728 7168
2435 7281
1011 7428
4783 6562
6833 7203
5019 6610
1023 7459
4605 6600
4618 6941
5260 6695
2584 7485
6991 7319
5611 6896
4504 6388
4740 7262
4616 6609
818 7427
6965 7239
699 7353
4381 6581
651 7548
6956 7214
2539 7526
6923 7202
5466 7259
4457 6422
5586 6812
1076 7417
993 7518
6961 7340
