500 45
7776 4813
7926 4799
8338 4980
8294 5411
8387 5407
7701 5469
8388 5420
8881 4487
8753 5589
8408 4988
8015 5515
8095 5583
8115 5524
8754 4497
7881 5255
7606 5567
7946 5411
7927 4771
8810 4491
8808 4501
7632 5406
8120 5424
8962 4813
8149 4497
7674 5463
8260 4870
7829 4910
8203 4403
8923 4792
8853 4924
8323 5273
8021 5482
8577 5574
8886 4888
7797 5184
7711 5365
8415 4903
7574 5480
7953 4900
8236 5389
8406 4973
8825 4775
8237 4420
7990 5600
7949 5563
7656 5439
7715 5109
8674 5571
7825 5264
8039 5501
7839 5164
8280 4908
8140 4582
8405 5304
7836 4814
8384 5370
7978 5603
7648 5515
8319 5288
7751 5252
8099 5514
8939 4887
7951 5492
7895 4784
7758 5151
7698 5420
8811 4971
8013 5460
8729 5543
7730 5424
8626 5581
7858 4888
8011 5574
8393 5342
8005 5565
8383 5359
8249 5395
7845 4916
7601 5478
8752 5667
8323 5402
8874 4915
7794 5201
8357 5299
7769 4887
7955 5475
7682 5422
7860 4836
7874 4759
7894 4805
7814 5187
8178 4578
8026 5416
8064 5601
7987 5507
7660 5555
8831 4540
7849 5254
7912 4817
8294 5400
7922 4934
7724 5141
7735 5100
7824 5286
7563 5419
7914 4924
7809 4917
8721 5489
7639 5534
8048 5558
8261 4529
8857 4808
8300 5422
8276 4537
8688 5601
8140 4407
7847 5291
8771 4499
7788 4907
7947 4786
7786 4918
8926 4838
7871 4824
7972 5483
8101 4519
8615 5605
8219 4545
7715 5509
8367 5022
7740 5517
8241 4499
7671 5390
8621 5562
7757 5223
8093 5524
8252 4588
8344 5033
8363 4953
7702 5270
8270 4592
8005 5503
8729 4541
8624 5656
8169 4544
8269 5300
8389 5328
7591 5515
8638 5642
7948 4832
7861 5127
8823 4851
7576 5380
8839 4963
8121 4587
8186 4497
8174 4531
7777 5254
8326 5376
8840 4855
7711 5176
8247 4444
7709 5164
8741 5666
8349 4931
7813 5107
8125 5498
8855 4978
8111 4521
7562 5449
8750 4647
8965 4847
8743 5568
8599 5576
8238 5369
7781 4804
7893 4836
8048 5514
8732 5556
8885 4581
7610 5420
8811 4621
8859 4487
7704 5544
8323 4849
8074 5554
8156 4525
7704 5201
8936 4787
7656 5452
8276 4504
8965 4915
7859 5262
8814 4811
7685 5533
8277 4427
8172 4558
8403 5337
8225 5273
8354 4947
7641 5490
7990 5517
8619 5534
8101 4462
8093 4433
7840 4889
8289 4939
8313 4872
7884 4877
8797 4605
7687 5274
8917 4514
8856 4594
8237 5345
7958 5460
8618 5632
8381 4928
8862 4653
8902 4876
8393 4974
8295 4885
7636 5545
9001 4923
8880 4667
8815 4886
7982 5527
8251 4880
8409 4920
8858 4906
8235 5282
8154 4437
7943 5542
7768 4778
8636 5585
8607 5626
8571 5591
8106 5560
8939 4801
8763 4569
8242 5311
7934 4837
8270 4488
7752 5277
8805 4531
8319 5441
8634 5655
8872 4605
8995 4893
8894 4572
7553 5419
7997 5544
7809 4827
8336 5018
8845 4910
8765 4540
8841 4899
7746 5285
8633 5555
8409 5370
7943 4860
8843 4886
8722 4489
8350 5411
8732 5532
8943 4933
8772 4642
7775 4851
8266 4940
7829 5160
7767 4932
7744 5123
8352 4971
8366 5317
8577 5538
7576 5456
8395 5001
8252 5252
8779 4486
8013 5427
8330 4927
8259 4969
8838 4526
7876 4899
8643 5566
7779 4760
8903 4650
7685 5386
8730 4502
7813 4866
8382 4912
7805 4775
8916 4873
8260 4542
7792 4777
8360 5263
8702 5580
8102 5424
7827 4793
8856 4792
7699 5182
7718 5526
7931 4912
8836 4800
7617 5475
8150 4562
8659 5571
8359 4869
7735 5177
8224 4508
8217 5382
8405 4870
7832 5220
8078 4402
8317 5419
8595 5540
8832 4614
7792 4830
8242 4855
7875 5112
8788 4504
8952 4887
8424 4898
7576 5547
8400 5443
8379 5009
8806 4647
7795 5092
8587 5602
8757 4559
7803 4787
8616 5571
8366 5032
8971 4832
8081 5464
8631 5542
8246 4868
8264 4898
7817 5246
7741 5138
8234 4878
8222 5446
8746 5486
8737 4512
7823 5230
8886 4966
8260 5268
8681 5559
8281 5331
8994 4911
7604 5398
8814 4655
7938 5423
8605 5586
7851 5188
8385 5260
8863 4621
7577 5367
7692 5431
8830 4595
8364 5421
7831 5097
8750 4533
8417 5341
8133 4573
8834 4516
8670 5599
8759 5653
8067 5413
7862 4877
8819 4917
8567 5518
8278 4460
8303 4931
7808 5179
8888 4594
8068 5586
8135 4536
8404 4963
8288 5027
8255 4472
8418 4946
8793 4559
8753 4632
7831 4766
8424 4994
8266 4558
8999 4832
7791 5211
8043 5572
8871 4828
8702 5676
8244 4516
7977 5439
7575 5469
8829 4787
8900 4862
8253 5354
8340 5298
8257 4910
7943 4815
7592 5559
8914 4672
7808 4884
8419 4975
7849 5160
7938 5557
8290 5381
8330 5390
8660 5626
8287 5010
7826 5174
8043 5481
7881 5230
8886 4677
7909 4778
8263 4578
8216 5319
7839 5131
8247 4569
8161 4413
8862 4945
8109 4567
8033 5521
8909 4783
7562 5553
8672 5635
8337 5354
7618 5552
7846 5208
8090 5601
8960 4968
8084 5497
8578 5512
8372 5402
7937 4900
8961 4944
7908 4873
8201 4516
8246 5288
7813 5201
8877 4932
8130 5488
8588 5655
7546 5513
8854 4629
7550 5380
7581 5514
8297 5280
8931 4852
8039 5439
7586 5568
8079 5572
8785 4653
8696 5630
8283 4571
8268 4989
8938 4866
8130 4446
7863 5097
8592 5555
8399 4896
8159 4509
7814 4931
8083 5519
8774 4612
8229 4563
8417 4884
8960 4834
8290 4977
8922 4631
7730 5466
7866 5207
8734 5483
7674 5496
7592 5546
7905 4889
8236 4483
8384 5023
8344 4908
8319 4965
7966 5495
7712 5492
8244 5417
8201 4471
8815 4538
8602 5605
7663 5489
8837 4654
7635 5382
8579 5650
8205 4585
8717 5555
8865 4846
7818 5156
8782 4534
8186 4538
7888 5277
8629 5617
8385 5349
8870 4865
8918 4539
