24 26 50
416666665 1416666661 499999998 1333333328 1083333329 1999999992 1916666659 583333331 999999996 1833333326 166666666 1749999993 249999999 833333330 1666666660 916666663 1583333327 333333332 666666664 749999997 1166666662 83333333 1499999994 1249999995
1307692292 1692307672 1923076900 307692304 1846153824 1076923064 153846152 538461532 1461538444 1230769216 1153846140 1615384596 1538461520 384615380 230769228 1769230748 1384615368 769230760 1999999976 846153836 76923076 999999988 615384608 692307684 923076912 461538456
743538218 680453988
851481107 1891253326
1761716389 1441145668
1926428246 1482118324
484981613 1383123464
1847145052 194372247
1275386779 1743170021
137617002 350049860
623413219 417628630
1757739709 651250131
1551115642 628062584
636359804 786286175
1496337083 240561870
425550684 1683439242
1873069495 922086924
1800614666 1870372039
1592419947 624227332
106094114 1323779813
180006041 878552727
1197969168 1490759543
1443590838 252733981
314166186 1178234623
684438659 1562107679
1243115759 1821103278
1348396047 678156630
1066212770 56725412
361626781 1815015712
1849123713 1104932481
1694992267 1020703258
1443347596 280170838
420764821 768808324
391279505 515048871
567621603 1866469506
929149918 1991146844
432280729 743663852
192006124 273362613
1434778870 269268768
1999655588 1675782488
1129819436 193084197
1188865408 1953569435
1681172821 1578626799
355132283 533963337
967660178 746791614
1672378380 137953075
438307299 1848614217
152300002 450621790
1124713963 498053054
1862538826 162747568
1532001944 856769305
870512663 1973446299
