25 25 50
1040000000 560000000 1760000000 1600000000 720000000 240000000 1200000000 1440000000 880000000 320000000 960000000 1120000000 480000000 1920000000 800000000 160000000 400000000 640000000 1680000000 1840000000 1360000000 1520000000 80000000 2000000000 1280000000
1920000000 480000000 1040000000 160000000 1440000000 1120000000 1520000000 400000000 2000000000 1360000000 960000000 1840000000 880000000 1600000000 1200000000 240000000 560000000 1760000000 1280000000 640000000 80000000 1680000000 720000000 800000000 320000000
1826558158 1891981650
967772960 1787645481
137796556 165799710
213899473 1277074668
1543790935 266375115
1874093160 1672207287
1957286915 917372632
844456269 1932599669
889619943 276995377
1442837659 56118178
658004855 1994386273
863208583 1892133884
161358046 1787810244
1948088898 1201538287
192482925 1832554886
1197556275 83760031
413539005 394076823
441193577 1648799208
1236515399 1303640469
702925729 1744348744
553222733 1732267979
634214875 95279669
271244776 637326667
54547311 759073058
1871906723 1461717820
1861816789 1129847830
529275253 1094542761
1372150135 555732338
163865006 1499904505
2000000000 2000000000
1542186388 38263577
1010330828 1867794581
1297385572 1146064793
546188777 1038756257
859194814 1032926634
1874248693 980082649
1405542079 194999473
1853042364 1745099461
160826762 701646828
189842279 1299194045
634130628 876150326
1452696666 1757182943
33459695 246435932
284802351 442094045
1704663612 16148942
1517316624 1833213186
1521130315 1753224972
911055922 1043461280
1359209220 951340544
1409151933 1208510330
