25 25 50
18 51 45 57 63 54 30 3 24 21 66 48 6 75 42 72 15 69 39 12 27 9 60 36 33
37 35 13 5 45 43 7 31 11 3 21 1 29 17 15 23 47 41 33 27 9 19 39 49 25
80 662167866
41 854818619
59 750281022
32 713696017
137 1142260087
35 1705242223
65 375567545
107 321944609
68 1918798449
62 1099136337
122 1697081105
92 1390654301
110 448603980
74 1396673283
2 1904548676
119 1293136346
5 235047825
29 296291315
17 367789475
95 526833641
53 1991959843
125 1885331359
104 1251415695
89 302092045
47 266068687
79 1873889249
113 304908187
140 651845499
56 1438109685
128 1823311695
149 1659539327
146 138105159
131 1641901214
101 953975363
26 1255956284
83 1308350055
14 98204612
98 1700765925
86 1298265606
20 1840004802
134 1296511195
23 1138534215
50 1698717463
143 445941084
8 400704611
38 1836348964
44 227201957
116 1355836283
71 1041988313
11 1578343409
