50 50 50
51 7 77 65 57 85 13 83 9 71 87 47 31 89 43 99 61 5 53 95 55 39 45 93 73 81 1 29 15 37 49 3 27 91 35 21 41 67 69 33 25 97 75 79 63 19 17 23 11 59
93 111 108 54 96 114 45 3 129 6 105 69 84 99 81 21 63 123 141 126 27 87 147 36 42 78 117 9 144 72 60 18 138 135 15 30 48 57 75 150 12 51 66 102 132 39 24 90 33 120
1494718164 79
1272261644 89
1563867350 50
434814877 83
1974658460 47
1855336446 104
1896713132 113
676261090 149
318628101 20
1982519719 92
1327203771 107
1251557862 140
1465792721 38
1983672795 23
803641604 143
1393762584 122
1437530768 5
1211857334 17
1791618100 11
1843484156 98
1053161758 62
1354382072 74
1625879173 53
1990422186 134
1958471410 95
1589059022 14
1161163651 2
275726820 137
1435100102 116
848762420 110
269659415 101
1403031367 44
1045768632 41
988150067 59
29543430 68
884706767 131
754601644 128
1415993912 56
674621994 32
1692762266 119
390954358 65
1113427020 125
1464528806 35
1330103796 146
632058813 71
734049158 26
1374175970 80
264973463 29
298879137 8
831995659 86
