1000
9164
8782
5618
5081
5180
5873
7830
9564
3295
1122
4790
4800
1084
4299
8507
7589
8784
9120
7143
7570
9075
1906
955
8605
8976
1963
7047
2963
3735
3277
8207
9657
6691
120
513
7432
6205
4483
9564
9070
347
865
5452
5009
8188
8934
5737
6149
6135
6272
8629
3609
7456
8081
5277
2509
4107
8222
8453
4752
7491
842
2233
8445
6841
1302
1762
4256
2900
1761
1849
9412
6706
9018
7140
3496
9501
6484
7469
8052
3569
2981
7901
1988
4750
1610
7870
6957
7910
3397
522
8082
1398
233
8883
577
9303
9697
3503
514
8631
2953
2152
183
6151
6231
9712
7775
2268
7252
828
4148
1292
2547
9453
8901
9196
9908
4380
981
9188
7112
2919
437
2459
9574
7153
3323
2572
2592
7269
3178
9687
754
5655
6613
6365
9834
3229
8414
3515
9484
1854
3201
7248
6602
1316
4521
3048
4851
9067
2221
1811
9913
5009
5304
9820
2843
4814
9733
7004
2917
7354
5780
6008
3087
7465
2848
1386
2757
9763
9143
6739
2831
8372
4279
9454
2835
8658
8347
8388
8127
2068
138
2960
3017
4412
9585
2318
9951
8585
8738
6131
20
5459
8133
3417
1182
2310
7565
565
3731
6599
5314
6642
9198
2077
2030
5517
6810
5100
2295
4526
2236
3968
5249
8844
1294
2928
5317
3244
8351
3763
9894
4005
8211
3008
7184
727
7663
460
2279
6578
6499
636
5075
8669
6091
2880
2897
9416
7175
7309
5784
5219
6916
6975
3656
1087
2590
9475
8594
8578
5380
4763
1847
4294
2166
6641
5961
7680
2930
6811
3487
3602
4247
7462
5390
2241
50
9231
364
1061
7701
5715
5509
6544
5752
1128
1712
9949
1359
7091
1181
3702
5993
5931
4889
3684
690
8157
1394
2522
5422
6113
1259
38
3435
2391
292
6288
2438
9258
9284
6308
3604
4230
7929
9510
8886
9805
1260
7615
3732
7794
8489
7572
6388
2961
8350
8595
78
4658
9559
8455
6593
3446
367
8246
4993
6708
141
1163
6760
1659
9623
8191
3246
3903
7824
9830
5224
6211
4768
259
8870
6623
794
93
3058
4690
9078
1726
3070
6106
4534
1658
4576
1731
3800
2374
8784
2138
9038
7494
4369
654
6271
2473
5042
8831
7408
572
6196
3398
6424
3905
1463
1674
8922
8799
5171
1665
8640
1338
6159
7247
8671
9631
2656
2752
6475
5462
7537
5993
2870
1630
976
230
5167
4205
7997
6837
1757
6592
8871
6790
5044
612
9200
4376
9526
8323
7341
4651
4684
1363
7783
2302
7162
4512
572
1410
1432
1648
2338
5950
6328
295
3373
2215
1093
9486
4968
7417
2618
3972
9398
6696
3104
3162
8535
3396
1607
375
5794
665
6842
2756
6366
8142
1326
7268
7538
7034
4971
6396
6039
574
6018
5261
5129
4575
9903
8763
9657
960
9861
8555
6687
1220
9203
1551
1488
7879
2158
11
8193
7374
888
9248
262
2027
5108
1897
3044
1572
9439
6537
8892
4838
5894
2525
6790
5741
4810
6878
9696
2616
5108
3252
4301
6798
2985
5093
1418
526
5987
5535
83
3396
5168
5266
5553
4945
6147
4368
6533
7855
1177
4056
3968
2189
1657
4901
9055
6037
1445
9025
7747
2577
5829
4708
290
617
995
3132
5416
5616
6745
9857
7945
1228
4374
2527
9188
896
4527
9321
5628
3537
8298
1331
6815
8818
2597
1782
3899
8192
1951
6937
9430
8554
2947
7
3926
4426
3728
4463
5109
2612
4273
7955
8221
9750
6306
2412
6988
9138
1261
4078
4434
5404
5842
552
2645
7101
7138
5761
4809
1277
818
9138
6091
4768
4592
4295
4291
879
7771
6706
2191
1486
1779
6092
1265
4611
7418
6851
9631
2070
2465
7920
8294
7133
7976
1031
1087
6011
9604
7257
1891
8042
4012
5114
8681
8192
8884
3760
5420
3451
1997
2911
6009
8989
1618
8577
6147
5358
3354
5526
5437
4147
838
4645
3004
192
7260
8898
6313
3883
1513
3123
8723
9904
7871
7469
4978
1738
3689
3511
7378
981
9807
7053
8782
4564
5379
9236
5791
9115
153
7781
2553
2273
246
9804
7098
4842
1031
1651
2747
7127
6092
5889
5405
9072
9302
9090
6270
6724
7875
7352
6496
1174
1734
7382
5169
3753
315
2350
5141
3621
6776
3857
8484
1352
582
4437
135
6760
7463
1056
4152
3673
5818
3763
5763
2744
1201
5558
4457
6627
7812
1019
763
5874
5004
2637
3577
7286
9487
9487
7310
7076
1555
309
9463
2030
3355
1202
2552
2015
1625
5529
9831
1534
1376
9770
5274
2388
4186
9398
727
4595
4650
2004
4758
4434
7438
1147
543
614
248
7555
4845
4640
3832
5935
846
6008
8419
1315
9437
4032
9880
6768
6207
6194
9676
2725
348
1089
2745
814
7439
142
5933
1074
7579
6026
1106
6518
4715
9004
6425
3780
6702
6080
9683
4700
6380
8210
3395
2740
4115
4800
5152
4531
3383
4245
2885
2580
2947
930
7110
1235
4129
7858
4535
2429
9196
941
3007
4980
5460
1758
7008
2960
8040
2211
7491
206
1169
4285
6399
298
1544
78
8595
4705
4731
7034
5818
5830
2478
4398
3834
9110
5986
8441
9306
91
8207
2403
9054
7677
8798
9583
4952
340
8757
9188
366
671
2830
8443
4341
623
1509
2765
2031
9568
8122
7356
4775
9475
6371
9426
7155
8455
2192
6756
4508
3348
748
4567
4957
4454
8252
6424
6340
8095
603
3108
9935
1451
3894
4944
2412
6994
7133
8516
4451
7081
7186
8496
9135
2466
1062
6888
8702
3784
7022
1957
3715
7856
2637
453
5433
5207
7463
2647
2361
2355
1144
5509
3176
4167
1137
9469
4805
1414
8438
5695
4293
4921
2113
7363
957
6126
9156
2090
6412
1130
8177
9360
704
2747
3164
6127
5559
2782
2324
9900
1842
8629
578
7902
4393
2346
737
8533
1590
7253
5960
1495
4858
9820
2848
6558
8563
5637
8766
2341
2025
7270
8982
6676
269
8820
6582
9825
8619
3506
4720
2384
866
5267
7876
8981
3564
5841
3911
9187
3705
9857
5386
7142
456
