4 10 10 10
4 2 11160 1 3 11154 2 1 11548 2 3 10368 4 2 11033 4 3 10727 1 2 10911 4 2 11307 1 2 10995 1 2 10751
4 3 10818 3 4 10913 1 2 11235 2 3 11449 1 3 11043 3 1 10891 1 2 11158 1 3 11526 1 3 11101 2 3 10697
4 2 11277 2 3 11277 1 2 10996 4 1 10808 3 2 10642 3 1 10474 3 4 10839 3 4 10601 4 3 10958 2 1 10788
3 4 10924 3 1 10974 3 2 10815 3 4 11038 1 3 11899 4 1 10374 4 2 10730 1 2 10798 3 4 11151 4 3 11257
1 3 10724 2 3 11555 2 3 10388 2 3 11371 2 1 10581 2 3 10919 3 4 10877 3 1 10983 2 3 11245 1 2 11044
1 2 11179 4 1 11020 2 1 11191 1 3 10782 2 3 11306 3 2 10938 2 3 10951 3 1 11195 4 3 10422 2 3 10772
3 1 11267 1 2 10986 3 1 11202 4 3 11442 4 1 11387 1 2 11062 4 1 10961 3 4 10797 2 3 11083 2 3 11127
2 3 10845 4 3 11131 1 2 11132 2 3 10673 1 2 10944 4 2 11124 1 2 11163 1 2 11239 4 3 10842 2 3 10800
4 3 10610 1 3 11437 1 2 11058 3 4 10833 3 2 11059 4 1 11006 1 3 11286 2 3 10478 1 2 10952 2 3 10691
4 3 10719 1 2 10386 1 2 11454 1 2 11079 3 4 10996 3 1 11120 2 3 11142 2 3 11302 1 2 11852 3 4 10845
1 1 6 9
3 7 3 7
1 1 10 10
2 4 7 7
5 3 9 7
1 3 6 8
2 1 9 9
3 1 10 8
5 4 10 10
1 3 6 10
