4 10 10 10
2 1 11319 2 3 11041 2 1 11043 4 2 10788 4 2 10658 1 2 10808 2 3 11703 2 1 10875 1 2 11483 4 1 10724
3 2 11288 2 3 11628 2 3 11127 2 3 11458 2 1 10798 3 4 11736 2 3 10713 2 3 10397 1 2 10861 2 3 11465
3 4 11474 2 3 10851 3 1 11147 2 1 11273 3 4 11018 1 3 11196 3 4 11258 1 3 11168 2 3 11681 4 2 10820
3 2 11052 2 1 10803 1 2 11278 1 2 11148 4 2 11094 4 2 11406 4 2 11202 1 3 11248 3 4 11395 3 2 10996
4 2 10541 1 2 11538 3 1 10774 3 4 11442 3 1 11386 3 2 10653 2 3 11499 2 3 10740 1 2 11100 1 3 11162
1 2 11398 3 4 10990 3 2 10546 3 1 11243 3 1 10513 2 3 11222 2 3 11396 3 2 11152 3 2 10594 1 2 11238
3 1 11122 4 2 11078 4 1 10653 4 3 10596 4 3 11125 2 3 11179 2 3 11422 2 3 10802 4 3 10977 4 3 11162
3 4 10970 4 2 10997 2 3 10727 1 3 10759 2 3 11072 1 2 10936 4 2 11087 3 1 10936 2 3 11166 3 4 11374
2 3 10972 4 1 11096 4 3 10986 1 3 10324 4 2 11164 2 3 10863 4 3 11281 2 3 10891 4 1 10842 1 3 10951
4 1 11439 3 2 11415 2 1 10884 3 4 11167 4 2 11563 1 3 11330 4 2 10774 4 1 11332 1 2 11179 1 2 10965
3 1 9 6
3 6 6 10
3 3 9 7
1 2 9 7
2 4 8 10
2 1 7 4
1 4 10 10
1 1 10 7
2 8 5 10
2 2 10 9
