4 10 10 10
1 3 11202 1 3 10559 3 4 11455 1 3 10743 1 2 11100 2 1 10857 4 1 10931 4 2 11280 2 3 10720 2 3 11074
4 2 11358 1 2 10529 1 3 10412 4 1 10971 1 2 10882 2 1 10213 1 2 11420 3 2 11266 2 3 10965 4 1 10875
2 3 11260 1 2 10927 4 3 10878 4 1 11264 1 2 11026 3 2 10462 3 1 10661 1 2 10404 1 2 10951 4 1 11285
1 2 10864 2 3 10771 4 3 10970 1 2 11159 4 2 10828 2 3 11283 1 2 10594 3 1 10666 2 3 11626 4 1 10815
1 2 10967 3 1 10967 2 1 11072 4 1 10668 2 3 11464 4 1 11108 4 2 11227 3 1 10712 3 2 11018 1 2 11173
2 3 10783 3 4 10836 1 2 11106 1 2 10834 3 4 10970 4 2 10605 2 3 10866 4 1 10998 1 3 10460 3 2 11216
2 1 10951 4 3 11017 1 2 11055 3 1 11554 1 2 10929 1 3 10792 1 2 10344 1 2 11126 4 3 11143 3 4 10842
3 2 10464 2 1 10596 2 3 11067 2 3 11392 4 2 11367 4 3 10694 4 2 11163 3 1 11175 4 1 10530 3 1 10936
4 2 11256 2 3 11623 3 1 10839 4 1 10775 3 2 10649 3 2 11368 4 3 10963 2 3 11215 1 2 10834 1 2 11268
1 2 11144 4 2 10447 1 2 10902 2 1 10863 4 3 10901 3 1 10648 2 1 11057 4 1 11101 2 3 10785 2 3 11207
6 2 9 5
5 5 10 9
2 2 8 8
5 6 8 8
4 2 8 6
2 3 10 10
6 3 8 5
2 1 10 10
3 1 8 9
1 1 9 10
