4 10 10 10
2 3 11450 3 2 10432 3 2 10845 2 3 11030 4 3 10318 4 2 11077 2 3 11127 4 3 11324 4 2 11007 3 4 11406
4 2 10857 2 3 11082 3 1 10805 3 1 10941 3 4 11068 1 2 10643 1 2 11283 2 3 10659 3 4 10944 1 3 11000
4 2 11253 3 1 10893 4 1 10591 1 2 11128 4 3 10852 1 2 11381 3 2 11527 2 3 11085 1 2 10615 4 1 10851
2 3 10341 2 1 11107 1 2 10826 4 3 11405 1 2 10879 3 1 10799 2 1 10533 2 3 10506 1 2 11165 2 3 10734
2 1 10950 4 3 11471 2 3 10937 3 2 11014 2 1 11108 3 4 11479 1 2 11202 2 3 11207 4 2 11026 4 1 11140
4 1 11238 1 2 11214 2 3 11064 3 4 10954 1 2 11064 2 1 11371 1 3 11250 4 3 11056 2 3 10667 4 2 10730
1 2 10607 1 2 10945 4 2 11542 3 2 10632 3 2 11197 4 2 10580 2 3 11189 4 3 11809 4 3 11500 4 1 10961
4 1 10625 4 1 10814 3 1 11074 4 3 11053 4 3 10994 2 1 10715 2 3 11528 2 3 10648 2 1 10866 2 3 10449
3 4 10985 4 3 11010 3 2 10935 4 3 11181 1 2 10474 1 2 11127 2 3 10859 4 1 11269 2 3 11678 1 2 10834
4 2 11006 3 4 10543 3 2 10895 2 3 10910 3 4 11278 1 2 10369 1 2 10695 4 3 11119 4 3 11014 3 1 10879
4 4 6 7
1 3 9 10
8 6 9 8
1 1 10 10
2 2 8 8
1 7 3 8
4 1 9 4
8 8 10 10
8 3 10 4
4 7 9 10
