4108
-1
-1
-1
-1
-1
-1
-1
-1
-1
-1
-1
-1
-1
-1
-1
-1
-1
-1
-1
-1
-1
-1
-1
-1
-1
-1
-1
-1
-1
-1
-1
-1
-1
-1
-1
-1
-1
-1
-1
-1
-1
-1
-1
-1
-1
-1
-1
-1
-1
-1
-1
-1
-1
-1
-1
-1
-1
-1
-1
-1
-1
-1
-1
-1
-1
-1
-1
-1
-1
-1
-1
-1
-1
-1
-1
-1
-1
-1
-1
-1
-1
-1
-1
-1
-2 -14
-1 -3
-1 -4
-1 -5
-1 -6
-1 -7
-1 -8
-1 -9
-1 -10
-1 -11
-1 -12
-1 -13
79 57
-15 -2062
-16 -1039
-17 -528
-18 -273
-19 -146
-20 -83
-21 -52
-22 -37
-23 -30
-24 -27
-25 -26
36 73
67 21
-28 -29
14 29
48 35
-31 -34
-32 -33
83 28
71 23
-35 -36
42 35
36 63
-38 -45
-39 -42
-40 -41
54 76
63 78
-43 -44
17 19
8 27
-46 -49
-47 -48
47 29
1 14
-50 -51
55 16
11 12
-53 -68
-54 -61
-55 -58
-56 -57
83 75
30 7
-59 -60
34 61
24 68
-62 -65
-63 -64
13 30
46 16
-66 -67
49 9
68 79
-69 -76
-70 -73
-71 -72
60 29
49 1
-74 -75
7 77
26 58
-77 -80
-78 -79
4 20
62 34
-81 -82
63 74
79 47
-84 -115
-85 -100
-86 -93
-87 -90
-88 -89
12 24
59 6
-91 -92
24 58
30 46
-94 -97
-95 -96
48 17
63 83
-98 -99
47 2
28 4
-101 -108
-102 -105
-103 -104
70 52
36 77
-106 -107
57 77
41 2
-109 -112
-110 -111
2 38
13 29
-113 -114
80 49
74 83
-116 -131
-117 -124
-118 -121
-119 -120
42 76
13 56
-122 -123
19 82
79 77
-125 -128
-126 -127
18 28
39 51
-129 -130
61 72
62 29
-132 -139
-133 -136
-134 -135
3 9
20 80
-137 -138
51 36
77 14
-140 -143
-141 -142
38 63
43 28
-144 -145
7 63
18 54
-147 -210
-148 -179
-149 -164
-150 -157
-151 -154
-152 -153
17 40
65 80
-155 -156
67 36
82 55
-158 -161
-159 -160
74 74
66 55
-162 -163
61 82
58 15
-165 -172
-166 -169
-167 -168
34 82
79 21
-170 -171
37 46
49 70
-173 -176
-174 -175
67 56
12 64
-177 -178
43 69
1 15
-180 -195
-181 -188
-182 -185
-183 -184
10 17
64 59
-186 -187
31 20
82 17
-189 -192
-190 -191
20 65
43 17
-193 -194
61 54
65 17
-196 -203
-197 -200
-198 -199
6 24
14 81
-201 -202
73 72
20 44
-204 -207
-205 -206
68 7
83 64
-208 -209
41 17
70 80
-211 -242
-212 -227
-213 -220
-214 -217
-215 -216
49 70
36 55
-218 -219
8 22
7 52
-221 -224
-222 -223
71 24
83 20
-225 -226
79 44
65 60
-228 -235
-229 -232
-230 -231
55 2
39 69
-233 -234
11 67
18 69
-236 -239
-237 -238
29 62
75 64
-240 -241
32 56
65 44
-243 -258
-244 -251
-245 -248
-246 -247
10 74
48 27
-249 -250
50 23
52 43
-252 -255
-253 -254
34 60
47 48
-256 -257
47 75
39 23
-259 -266
-260 -263
-261 -262
80 12
8 68
-264 -265
18 67
35 42
-267 -270
-268 -269
42 56
64 75
-271 -272
44 50
83 29
-274 -401
-275 -338
-276 -307
-277 -292
-278 -285
-279 -282
-280 -281
15 21
4 7
-283 -284
80 31
57 37
-286 -289
-287 -288
9 61
29 65
-290 -291
62 1
36 75
-293 -300
-294 -297
-295 -296
1 75
29 49
-298 -299
36 62
66 7
-301 -304
-302 -303
53 27
26 72
-305 -306
76 29
58 82
-308 -323
-309 -316
-310 -313
-311 -312
16 45
51 58
-314 -315
55 48
69 4
-317 -320
-318 -319
80 58
3 61
-321 -322
75 27
23 58
-324 -331
-325 -328
-326 -327
23 7
62 58
-329 -330
25 80
44 4
-332 -335
-333 -334
3 38
18 82
-336 -337
66 7
17 39
-339 -370
-340 -355
-341 -348
-342 -345
-343 -344
76 46
4 25
-346 -347
8 19
75 74
-349 -352
-350 -351
76 57
11 9
-353 -354
49 41
63 68
-356 -363
-357 -360
-358 -359
48 57
5 46
-361 -362
68 54
79 81
-364 -367
-365 -366
7 55
67 49
-368 -369
34 48
76 24
-371 -386
-372 -379
-373 -376
-374 -375
43 56
9 32
-377 -378
51 12
46 78
-380 -383
-381 -382
31 35
83 37
-384 -385
10 50
22 28
-387 -394
-388 -391
-389 -390
81 43
69 5
-392 -393
53 18
61 28
-395 -398
-396 -397
62 48
51 11
-399 -400
17 81
68 2
-402 -465
-403 -434
-404 -419
-405 -412
-406 -409
-407 -408
52 70
18 82
-410 -411
67 21
59 72
-413 -416
-414 -415
35 50
6 64
-417 -418
21 75
21 21
-420 -427
-421 -424
-422 -423
67 35
17 72
-425 -426
11 77
72 37
-428 -431
-429 -430
35 72
49 38
-432 -433
35 69
68 17
-435 -450
-436 -443
-437 -440
-438 -439
35 25
53 14
-441 -442
33 42
77 26
-444 -447
-445 -446
1 43
57 55
-448 -449
45 43
61 75
-451 -458
-452 -455
-453 -454
65 33
9 62
-456 -457
42 49
68 15
-459 -462
-460 -461
46 69
72 65
-463 -464
3 46
16 38
-466 -497
-467 -482
-468 -475
-469 -472
-470 -471
16 19
1 47
-473 -474
10 52
69 18
-476 -479
-477 -478
26 20
9 50
-480 -481
5 78
5 79
-483 -490
-484 -487
-485 -486
27 79
37 57
-488 -489
74 73
64 62
-491 -494
-492 -493
82 26
6 7
-495 -496
38 10
20 70
-498 -513
-499 -506
-500 -503
-501 -502
28 62
51 9
-504 -505
19 63
9 68
-507 -510
-508 -509
41 11
24 48
-511 -512
35 47
60 15
-514 -521
-515 -518
-516 -517
29 75
70 12
-519 -520
55 37
74 13
-522 -525
-523 -524
44 21
10 30
-526 -527
83 22
19 36
-529 -784
-530 -657
-531 -594
-532 -563
-533 -548
-534 -541
-535 -538
-536 -537
74 2
8 26
-539 -540
28 78
82 76
-542 -545
-543 -544
24 82
7 6
-546 -547
64 68
3 47
-549 -556
-550 -553
-551 -552
47 25
38 18
-554 -555
70 32
76 10
-557 -560
-558 -559
40 77
73 26
-561 -562
32 76
35 1
-564 -579
-565 -572
-566 -569
-567 -568
2 82
59 81
-570 -571
61 13
54 65
-573 -576
-574 -575
4 79
39 1
-577 -578
52 31
75 45
-580 -587
-581 -584
-582 -583
45 24
3 49
-585 -586
22 62
76 53
-588 -591
-589 -590
2 3
32 68
-592 -593
58 41
46 27
-595 -626
-596 -611
-597 -604
-598 -601
-599 -600
75 56
74 82
-602 -603
54 18
29 42
-605 -608
-606 -607
66 69
21 9
-609 -610
8 81
12 61
-612 -619
-613 -616
-614 -615
4 42
66 30
-617 -618
67 7
25 82
-620 -623
-621 -622
12 50
7 65
-624 -625
25 80
70 16
-627 -642
-628 -635
-629 -632
-630 -631
18 65
61 47
-633 -634
49 39
51 42
-636 -639
-637 -638
8 72
41 2
-640 -641
64 76
41 45
-643 -650
-644 -647
-645 -646
76 52
1 82
-648 -649
72 21
50 4
-651 -654
-652 -653
53 73
79 23
-655 -656
60 61
22 29
-658 -721
-659 -690
-660 -675
-661 -668
-662 -665
-663 -664
71 34
4 52
-666 -667
10 50
39 16
-669 -672
-670 -671
80 49
1 4
-673 -674
1 29
50 38
-676 -683
-677 -680
-678 -679
83 6
15 69
-681 -682
81 3
13 14
-684 -687
-685 -686
12 7
43 22
-688 -689
43 82
58 26
-691 -706
-692 -699
-693 -696
-694 -695
72 19
42 56
-697 -698
41 81
15 27
-700 -703
-701 -702
6 82
11 38
-704 -705
62 59
69 71
-707 -714
-708 -711
-709 -710
81 44
8 74
-712 -713
8 66
14 31
-715 -718
-716 -717
73 12
9 72
-719 -720
61 61
73 7
-722 -753
-723 -738
-724 -731
-725 -728
-726 -727
33 11
29 28
-729 -730
22 12
6 44
-732 -735
-733 -734
64 64
9 27
-736 -737
47 74
46 60
-739 -746
-740 -743
-741 -742
62 23
7 56
-744 -745
32 24
18 14
-747 -750
-748 -749
72 77
48 39
-751 -752
16 73
38 41
-754 -769
-755 -762
-756 -759
-757 -758
73 38
8 74
-760 -761
55 78
46 64
-763 -766
-764 -765
53 1
37 62
-767 -768
65 47
55 83
-770 -777
-771 -774
-772 -773
72 67
54 41
-775 -776
67 14
61 43
-778 -781
-779 -780
25 3
24 10
-782 -783
35 52
60 73
-785 -912
-786 -849
-787 -818
-788 -803
-789 -796
-790 -793
-791 -792
7 4
20 62
-794 -795
23 77
23 73
-797 -800
-798 -799
3 34
69 3
-801 -802
80 19
81 9
-804 -811
-805 -808
-806 -807
35 58
45 16
-809 -810
36 48
5 63
-812 -815
-813 -814
29 82
61 73
-816 -817
24 75
62 39
-819 -834
-820 -827
-821 -824
-822 -823
72 26
72 18
-825 -826
41 23
37 65
-828 -831
-829 -830
34 2
2 22
-832 -833
23 57
56 32
-835 -842
-836 -839
-837 -838
35 55
38 41
-840 -841
30 51
55 1
-843 -846
-844 -845
9 62
36 39
-847 -848
66 71
45 23
-850 -881
-851 -866
-852 -859
-853 -856
-854 -855
77 66
29 42
-857 -858
73 75
15 30
-860 -863
-861 -862
64 45
80 38
-864 -865
54 57
29 14
-867 -874
-868 -871
-869 -870
56 31
76 3
-872 -873
59 73
70 67
-875 -878
-876 -877
38 9
38 55
-879 -880
50 53
16 52
-882 -897
-883 -890
-884 -887
-885 -886
43 53
29 33
-888 -889
63 55
28 20
-891 -894
-892 -893
50 7
29 40
-895 -896
43 32
26 17
-898 -905
-899 -902
-900 -901
12 32
71 35
-903 -904
59 50
37 1
-906 -909
-907 -908
70 79
54 82
-910 -911
8 37
35 43
-913 -976
-914 -945
-915 -930
-916 -923
-917 -920
-918 -919
64 14
61 53
-921 -922
9 43
36 52
-924 -927
-925 -926
20 68
56 62
-928 -929
47 53
71 48
-931 -938
-932 -935
-933 -934
30 65
52 7
-936 -937
52 37
17 18
-939 -942
-940 -941
76 2
8 55
-943 -944
25 11
51 21
-946 -961
-947 -954
-948 -951
-949 -950
14 75
20 60
-952 -953
19 35
26 83
-955 -958
-956 -957
78 53
66 45
-959 -960
39 82
47 73
-962 -969
-963 -966
-964 -965
82 72
44 19
-967 -968
17 9
52 8
-970 -973
-971 -972
64 58
73 56
-974 -975
28 75
63 48
-977 -1008
-978 -993
-979 -986
-980 -983
-981 -982
80 21
15 74
-984 -985
79 26
23 74
-987 -990
-988 -989
13 5
51 22
-991 -992
79 77
23 57
-994 -1001
-995 -998
-996 -997
20 53
76 26
-999 -1000
42 54
72 38
-1002 -1005
-1003 -1004
5 17
78 33
-1006 -1007
2 59
45 48
-1009 -1024
-1010 -1017
-1011 -1014
-1012 -1013
52 79
48 39
-1015 -1016
19 4
62 52
-1018 -1021
-1019 -1020
44 44
31 1
-1022 -1023
37 15
61 40
-1025 -1032
-1026 -1029
-1027 -1028
44 52
41 63
-1030 -1031
7 67
75 19
-1033 -1036
-1034 -1035
78 27
7 57
-1037 -1038
30 46
66 15
-1040 -1551
-1041 -1296
-1042 -1169
-1043 -1106
-1044 -1075
-1045 -1060
-1046 -1053
-1047 -1050
-1048 -1049
71 30
55 9
-1051 -1052
81 52
44 36
-1054 -1057
-1055 -1056
5 25
14 4
-1058 -1059
9 19
38 75
-1061 -1068
-1062 -1065
-1063 -1064
50 50
40 18
-1066 -1067
21 27
46 30
-1069 -1072
-1070 -1071
64 50
46 17
-1073 -1074
29 37
73 48
-1076 -1091
-1077 -1084
-1078 -1081
-1079 -1080
56 20
3 24
-1082 -1083
41 82
77 34
-1085 -1088
-1086 -1087
48 22
30 45
-1089 -1090
71 18
49 32
-1092 -1099
-1093 -1096
-1094 -1095
3 59
42 9
-1097 -1098
77 53
5 52
-1100 -1103
-1101 -1102
16 77
80 12
-1104 -1105
63 30
48 70
-1107 -1138
-1108 -1123
-1109 -1116
-1110 -1113
-1111 -1112
80 11
52 64
-1114 -1115
60 68
21 55
-1117 -1120
-1118 -1119
70 6
33 5
-1121 -1122
80 60
67 55
-1124 -1131
-1125 -1128
-1126 -1127
27 25
68 7
-1129 -1130
27 61
52 71
-1132 -1135
-1133 -1134
9 6
73 35
-1136 -1137
32 26
74 6
-1139 -1154
-1140 -1147
-1141 -1144
-1142 -1143
79 52
12 75
-1145 -1146
21 7
11 83
-1148 -1151
-1149 -1150
47 42
58 55
-1152 -1153
40 72
40 26
-1155 -1162
-1156 -1159
-1157 -1158
26 12
12 32
-1160 -1161
26 20
13 25
-1163 -1166
-1164 -1165
66 70
81 15
-1167 -1168
11 35
40 80
-1170 -1233
-1171 -1202
-1172 -1187
-1173 -1180
-1174 -1177
-1175 -1176
8 25
21 69
-1178 -1179
12 43
70 13
-1181 -1184
-1182 -1183
81 18
55 32
-1185 -1186
7 47
72 3
-1188 -1195
-1189 -1192
-1190 -1191
5 38
20 6
-1193 -1194
83 74
69 34
-1196 -1199
-1197 -1198
12 64
63 44
-1200 -1201
38 12
1 32
-1203 -1218
-1204 -1211
-1205 -1208
-1206 -1207
46 64
70 34
-1209 -1210
24 42
43 11
-1212 -1215
-1213 -1214
39 63
76 38
-1216 -1217
53 9
64 58
-1219 -1226
-1220 -1223
-1221 -1222
64 60
81 39
-1224 -1225
61 75
1 21
-1227 -1230
-1228 -1229
35 10
57 39
-1231 -1232
11 14
83 7
-1234 -1265
-1235 -1250
-1236 -1243
-1237 -1240
-1238 -1239
26 13
56 48
-1241 -1242
51 77
53 37
-1244 -1247
-1245 -1246
20 50
52 71
-1248 -1249
73 31
72 40
-1251 -1258
-1252 -1255
-1253 -1254
78 63
31 35
-1256 -1257
52 13
6 26
-1259 -1262
-1260 -1261
50 80
21 7
-1263 -1264
27 16
35 8
-1266 -1281
-1267 -1274
-1268 -1271
-1269 -1270
50 53
51 47
-1272 -1273
55 36
45 62
-1275 -1278
-1276 -1277
75 54
62 75
-1279 -1280
36 35
75 58
-1282 -1289
-1283 -1286
-1284 -1285
74 82
46 10
-1287 -1288
35 60
50 42
-1290 -1293
-1291 -1292
33 63
79 4
-1294 -1295
47 27
68 3
-1297 -1424
-1298 -1361
-1299 -1330
-1300 -1315
-1301 -1308
-1302 -1305
-1303 -1304
1 39
45 28
-1306 -1307
21 27
26 3
-1309 -1312
-1310 -1311
21 28
65 15
-1313 -1314
64 33
73 13
-1316 -1323
-1317 -1320
-1318 -1319
54 1
83 9
-1321 -1322
67 25
43 75
-1324 -1327
-1325 -1326
5 80
5 37
-1328 -1329
26 9
83 36
-1331 -1346
-1332 -1339
-1333 -1336
-1334 -1335
34 1
71 78
-1337 -1338
56 22
17 7
-1340 -1343
-1341 -1342
72 8
4 47
-1344 -1345
41 24
40 4
-1347 -1354
-1348 -1351
-1349 -1350
60 65
22 19
-1352 -1353
82 10
56 81
-1355 -1358
-1356 -1357
40 23
5 76
-1359 -1360
51 34
22 12
-1362 -1393
-1363 -1378
-1364 -1371
-1365 -1368
-1366 -1367
69 15
63 60
-1369 -1370
79 54
83 8
-1372 -1375
-1373 -1374
1 68
52 6
-1376 -1377
56 45
45 32
-1379 -1386
-1380 -1383
-1381 -1382
72 1
27 9
-1384 -1385
79 49
54 18
-1387 -1390
-1388 -1389
4 81
67 70
-1391 -1392
10 16
80 29
-1394 -1409
-1395 -1402
-1396 -1399
-1397 -1398
16 32
23 34
-1400 -1401
76 42
65 57
-1403 -1406
-1404 -1405
12 31
6 16
-1407 -1408
83 73
60 29
-1410 -1417
-1411 -1414
-1412 -1413
74 36
70 47
-1415 -1416
45 81
17 56
-1418 -1421
-1419 -1420
9 12
37 79
-1422 -1423
40 71
76 65
-1425 -1488
-1426 -1457
-1427 -1442
-1428 -1435
-1429 -1432
-1430 -1431
33 51
22 3
-1433 -1434
77 46
67 45
-1436 -1439
-1437 -1438
22 58
19 15
-1440 -1441
68 25
77 37
-1443 -1450
-1444 -1447
-1445 -1446
51 70
70 11
-1448 -1449
7 25
60 20
-1451 -1454
-1452 -1453
28 80
55 6
-1455 -1456
2 12
56 23
-1458 -1473
-1459 -1466
-1460 -1463
-1461 -1462
63 1
34 79
-1464 -1465
57 45
10 30
-1467 -1470
-1468 -1469
26 69
78 82
-1471 -1472
47 71
30 28
-1474 -1481
-1475 -1478
-1476 -1477
71 11
5 75
-1479 -1480
78 15
48 52
-1482 -1485
-1483 -1484
23 30
63 77
-1486 -1487
78 22
41 37
-1489 -1520
-1490 -1505
-1491 -1498
-1492 -1495
-1493 -1494
51 64
40 53
-1496 -1497
14 66
25 57
-1499 -1502
-1500 -1501
56 69
78 63
-1503 -1504
34 18
14 50
-1506 -1513
-1507 -1510
-1508 -1509
43 37
43 65
-1511 -1512
16 47
37 68
-1514 -1517
-1515 -1516
16 29
65 67
-1518 -1519
82 33
75 59
-1521 -1536
-1522 -1529
-1523 -1526
-1524 -1525
52 76
64 41
-1527 -1528
43 76
8 64
-1530 -1533
-1531 -1532
18 63
43 11
-1534 -1535
49 72
66 4
-1537 -1544
-1538 -1541
-1539 -1540
63 17
48 30
-1542 -1543
18 22
21 56
-1545 -1548
-1546 -1547
49 38
63 30
-1549 -1550
30 83
64 68
-1552 -1807
-1553 -1680
-1554 -1617
-1555 -1586
-1556 -1571
-1557 -1564
-1558 -1561
-1559 -1560
36 46
5 2
-1562 -1563
9 37
51 12
-1565 -1568
-1566 -1567
1 13
31 1
-1569 -1570
51 82
73 66
-1572 -1579
-1573 -1576
-1574 -1575
71 52
9 7
-1577 -1578
39 7
37 30
-1580 -1583
-1581 -1582
59 72
32 7
-1584 -1585
36 70
83 72
-1587 -1602
-1588 -1595
-1589 -1592
-1590 -1591
50 81
48 19
-1593 -1594
14 76
80 54
-1596 -1599
-1597 -1598
43 35
81 53
-1600 -1601
70 60
3 77
-1603 -1610
-1604 -1607
-1605 -1606
54 31
43 33
-1608 -1609
22 61
74 61
-1611 -1614
-1612 -1613
69 14
24 41
-1615 -1616
67 29
6 50
-1618 -1649
-1619 -1634
-1620 -1627
-1621 -1624
-1622 -1623
18 24
3 34
-1625 -1626
75 83
2 3
-1628 -1631
-1629 -1630
46 37
75 62
-1632 -1633
60 44
71 68
-1635 -1642
-1636 -1639
-1637 -1638
29 36
48 64
-1640 -1641
28 22
75 20
-1643 -1646
-1644 -1645
31 26
44 37
-1647 -1648
14 59
46 34
-1650 -1665
-1651 -1658
-1652 -1655
-1653 -1654
19 55
55 46
-1656 -1657
28 2
65 34
-1659 -1662
-1660 -1661
16 25
21 40
-1663 -1664
27 72
51 69
-1666 -1673
-1667 -1670
-1668 -1669
29 24
75 43
-1671 -1672
16 49
44 49
-1674 -1677
-1675 -1676
83 73
33 82
-1678 -1679
9 21
41 60
-1681 -1744
-1682 -1713
-1683 -1698
-1684 -1691
-1685 -1688
-1686 -1687
58 24
10 8
-1689 -1690
17 1
26 23
-1692 -1695
-1693 -1694
66 1
80 58
-1696 -1697
18 41
83 53
-1699 -1706
-1700 -1703
-1701 -1702
61 27
3 26
-1704 -1705
4 14
70 47
-1707 -1710
-1708 -1709
73 27
34 57
-1711 -1712
40 44
41 30
-1714 -1729
-1715 -1722
-1716 -1719
-1717 -1718
59 63
30 53
-1720 -1721
37 50
78 9
-1723 -1726
-1724 -1725
9 16
73 58
-1727 -1728
1 25
79 80
-1730 -1737
-1731 -1734
-1732 -1733
81 7
67 68
-1735 -1736
71 2
36 16
-1738 -1741
-1739 -1740
36 73
48 76
-1742 -1743
41 63
69 41
-1745 -1776
-1746 -1761
-1747 -1754
-1748 -1751
-1749 -1750
17 3
5 44
-1752 -1753
28 44
21 70
-1755 -1758
-1756 -1757
77 71
45 56
-1759 -1760
21 51
78 9
-1762 -1769
-1763 -1766
-1764 -1765
33 14
2 33
-1767 -1768
36 27
27 7
-1770 -1773
-1771 -1772
40 37
11 62
-1774 -1775
39 53
51 39
-1777 -1792
-1778 -1785
-1779 -1782
-1780 -1781
22 26
19 64
-1783 -1784
69 53
48 28
-1786 -1789
-1787 -1788
80 43
15 78
-1790 -1791
74 39
48 23
-1793 -1800
-1794 -1797
-1795 -1796
24 53
20 58
-1798 -1799
76 48
25 19
-1801 -1804
-1802 -1803
6 50
38 79
-1805 -1806
3 3
49 23
-1808 -1935
-1809 -1872
-1810 -1841
-1811 -1826
-1812 -1819
-1813 -1816
-1814 -1815
43 11
74 53
-1817 -1818
32 59
45 8
-1820 -1823
-1821 -1822
16 5
35 65
-1824 -1825
15 58
33 57
-1827 -1834
-1828 -1831
-1829 -1830
39 52
45 30
-1832 -1833
12 11
25 34
-1835 -1838
-1836 -1837
19 2
51 5
-1839 -1840
5 35
78 32
-1842 -1857
-1843 -1850
-1844 -1847
-1845 -1846
81 51
36 16
-1848 -1849
44 41
30 62
-1851 -1854
-1852 -1853
27 57
62 8
-1855 -1856
4 36
1 46
-1858 -1865
-1859 -1862
-1860 -1861
15 8
11 83
-1863 -1864
14 76
79 72
-1866 -1869
-1867 -1868
41 27
40 59
-1870 -1871
17 70
39 13
-1873 -1904
-1874 -1889
-1875 -1882
-1876 -1879
-1877 -1878
70 44
41 34
-1880 -1881
44 37
33 44
-1883 -1886
-1884 -1885
16 61
77 38
-1887 -1888
82 8
37 28
-1890 -1897
-1891 -1894
-1892 -1893
4 71
2 4
-1895 -1896
79 20
82 7
-1898 -1901
-1899 -1900
50 51
6 49
-1902 -1903
34 26
78 14
-1905 -1920
-1906 -1913
-1907 -1910
-1908 -1909
58 76
54 5
-1911 -1912
10 5
75 35
-1914 -1917
-1915 -1916
6 21
34 56
-1918 -1919
53 18
76 54
-1921 -1928
-1922 -1925
-1923 -1924
60 48
47 21
-1926 -1927
49 58
52 32
-1929 -1932
-1930 -1931
55 60
70 51
-1933 -1934
76 8
68 83
-1936 -1999
-1937 -1968
-1938 -1953
-1939 -1946
-1940 -1943
-1941 -1942
61 62
30 45
-1944 -1945
42 33
52 19
-1947 -1950
-1948 -1949
69 6
56 48
-1951 -1952
55 66
9 41
-1954 -1961
-1955 -1958
-1956 -1957
33 27
47 51
-1959 -1960
81 78
53 37
-1962 -1965
-1963 -1964
40 63
50 8
-1966 -1967
45 1
39 7
-1969 -1984
-1970 -1977
-1971 -1974
-1972 -1973
55 50
38 25
-1975 -1976
67 34
39 9
-1978 -1981
-1979 -1980
10 56
73 62
-1982 -1983
7 65
35 55
-1985 -1992
-1986 -1989
-1987 -1988
78 41
57 78
-1990 -1991
57 44
61 4
-1993 -1996
-1994 -1995
80 51
50 59
-1997 -1998
16 49
57 5
-2000 -2031
-2001 -2016
-2002 -2009
-2003 -2006
-2004 -2005
80 47
13 6
-2007 -2008
49 45
60 69
-2010 -2013
-2011 -2012
78 32
25 42
-2014 -2015
57 74
27 9
-2017 -2024
-2018 -2021
-2019 -2020
55 9
63 60
-2022 -2023
81 23
5 78
-2025 -2028
-2026 -2027
11 54
25 19
-2029 -2030
18 17
76 35
-2032 -2047
-2033 -2040
-2034 -2037
-2035 -2036
72 4
62 39
-2038 -2039
13 42
1 22
-2041 -2044
-2042 -2043
71 46
61 40
-2045 -2046
47 14
54 79
-2048 -2055
-2049 -2052
-2050 -2051
41 77
43 8
-2053 -2054
30 57
58 63
-2056 -2059
-2057 -2058
3 46
36 18
-2060 -2061
53 62
47 57
-2063 -3086
-2064 -2575
-2065 -2320
-2066 -2193
-2067 -2130
-2068 -2099
-2069 -2084
-2070 -2077
-2071 -2074
-2072 -2073
82 83
58 7
-2075 -2076
27 64
78 50
-2078 -2081
-2079 -2080
10 39
68 80
-2082 -2083
67 71
15 31
-2085 -2092
-2086 -2089
-2087 -2088
41 28
64 73
-2090 -2091
72 35
30 7
-2093 -2096
-2094 -2095
6 20
74 40
-2097 -2098
26 11
15 3
-2100 -2115
-2101 -2108
-2102 -2105
-2103 -2104
32 72
12 21
-2106 -2107
39 31
31 1
-2109 -2112
-2110 -2111
1 45
48 66
-2113 -2114
41 17
15 44
-2116 -2123
-2117 -2120
-2118 -2119
9 15
41 15
-2121 -2122
42 12
61 83
-2124 -2127
-2125 -2126
12 49
54 44
-2128 -2129
37 29
52 19
-2131 -2162
-2132 -2147
-2133 -2140
-2134 -2137
-2135 -2136
48 77
8 5
-2138 -2139
32 57
33 1
-2141 -2144
-2142 -2143
27 11
6 16
-2145 -2146
47 45
16 24
-2148 -2155
-2149 -2152
-2150 -2151
15 28
41 6
-2153 -2154
79 22
59 30
-2156 -2159
-2157 -2158
5 18
24 54
-2160 -2161
13 10
46 46
-2163 -2178
-2164 -2171
-2165 -2168
-2166 -2167
80 46
61 28
-2169 -2170
22 52
11 33
-2172 -2175
-2173 -2174
20 8
58 33
-2176 -2177
75 41
80 80
-2179 -2186
-2180 -2183
-2181 -2182
57 21
76 79
-2184 -2185
56 65
27 65
-2187 -2190
-2188 -2189
54 7
19 54
-2191 -2192
80 47
33 57
-2194 -2257
-2195 -2226
-2196 -2211
-2197 -2204
-2198 -2201
-2199 -2200
40 19
74 60
-2202 -2203
5 13
59 8
-2205 -2208
-2206 -2207
42 64
81 31
-2209 -2210
6 44
81 17
-2212 -2219
-2213 -2216
-2214 -2215
27 57
58 56
-2217 -2218
13 53
15 59
-2220 -2223
-2221 -2222
24 78
19 68
-2224 -2225
66 57
5 76
-2227 -2242
-2228 -2235
-2229 -2232
-2230 -2231
18 64
28 60
-2233 -2234
56 52
30 75
-2236 -2239
-2237 -2238
64 8
38 27
-2240 -2241
11 60
47 67
-2243 -2250
-2244 -2247
-2245 -2246
6 42
64 27
-2248 -2249
23 50
52 68
-2251 -2254
-2252 -2253
44 30
23 34
-2255 -2256
56 70
20 67
-2258 -2289
-2259 -2274
-2260 -2267
-2261 -2264
-2262 -2263
25 25
77 31
-2265 -2266
14 50
82 73
-2268 -2271
-2269 -2270
32 10
83 82
-2272 -2273
36 11
73 18
-2275 -2282
-2276 -2279
-2277 -2278
70 69
51 16
-2280 -2281
38 7
3 77
-2283 -2286
-2284 -2285
26 44
41 70
-2287 -2288
44 82
77 13
-2290 -2305
-2291 -2298
-2292 -2295
-2293 -2294
83 48
26 77
-2296 -2297
61 43
39 50
-2299 -2302
-2300 -2301
64 15
68 63
-2303 -2304
43 32
23 14
-2306 -2313
-2307 -2310
-2308 -2309
53 8
61 67
-2311 -2312
80 71
29 61
-2314 -2317
-2315 -2316
4 35
70 79
-2318 -2319
26 2
2 81
-2321 -2448
-2322 -2385
-2323 -2354
-2324 -2339
-2325 -2332
-2326 -2329
-2327 -2328
42 65
79 46
-2330 -2331
47 50
74 42
-2333 -2336
-2334 -2335
79 25
48 46
-2337 -2338
46 42
31 78
-2340 -2347
-2341 -2344
-2342 -2343
69 42
80 14
-2345 -2346
77 41
5 22
-2348 -2351
-2349 -2350
75 62
38 43
-2352 -2353
82 59
23 57
-2355 -2370
-2356 -2363
-2357 -2360
-2358 -2359
15 33
18 69
-2361 -2362
63 51
71 69
-2364 -2367
-2365 -2366
68 55
18 53
-2368 -2369
14 63
29 9
-2371 -2378
-2372 -2375
-2373 -2374
52 48
73 25
-2376 -2377
63 26
73 45
-2379 -2382
-2380 -2381
57 26
80 59
-2383 -2384
16 27
52 36
-2386 -2417
-2387 -2402
-2388 -2395
-2389 -2392
-2390 -2391
69 27
9 15
-2393 -2394
38 75
36 3
-2396 -2399
-2397 -2398
14 33
13 16
-2400 -2401
48 25
40 48
-2403 -2410
-2404 -2407
-2405 -2406
41 31
37 18
-2408 -2409
42 63
5 83
-2411 -2414
-2412 -2413
48 42
13 26
-2415 -2416
7 36
32 27
-2418 -2433
-2419 -2426
-2420 -2423
-2421 -2422
19 44
76 48
-2424 -2425
44 27
23 11
-2427 -2430
-2428 -2429
7 32
12 77
-2431 -2432
65 69
26 43
-2434 -2441
-2435 -2438
-2436 -2437
46 7
57 67
-2439 -2440
22 9
74 31
-2442 -2445
-2443 -2444
37 47
59 25
-2446 -2447
58 65
53 54
-2449 -2512
-2450 -2481
-2451 -2466
-2452 -2459
-2453 -2456
-2454 -2455
82 21
20 74
-2457 -2458
16 12
28 63
-2460 -2463
-2461 -2462
44 22
63 60
-2464 -2465
15 53
67 4
-2467 -2474
-2468 -2471
-2469 -2470
51 22
8 46
-2472 -2473
78 36
47 61
-2475 -2478
-2476 -2477
50 10
66 17
-2479 -2480
38 14
1 38
-2482 -2497
-2483 -2490
-2484 -2487
-2485 -2486
27 12
30 61
-2488 -2489
71 14
20 50
-2491 -2494
-2492 -2493
28 24
29 17
-2495 -2496
66 45
31 38
-2498 -2505
-2499 -2502
-2500 -2501
42 74
51 63
-2503 -2504
16 9
60 14
-2506 -2509
-2507 -2508
39 82
64 49
-2510 -2511
45 19
69 44
-2513 -2544
-2514 -2529
-2515 -2522
-2516 -2519
-2517 -2518
34 30
28 64
-2520 -2521
11 58
57 54
-2523 -2526
-2524 -2525
61 33
37 34
-2527 -2528
57 18
46 59
-2530 -2537
-2531 -2534
-2532 -2533
83 82
22 53
-2535 -2536
32 79
19 59
-2538 -2541
-2539 -2540
49 6
57 35
-2542 -2543
37 54
19 44
-2545 -2560
-2546 -2553
-2547 -2550
-2548 -2549
17 57
75 17
-2551 -2552
19 74
51 1
-2554 -2557
-2555 -2556
38 39
14 33
-2558 -2559
52 25
11 49
-2561 -2568
-2562 -2565
-2563 -2564
26 18
5 24
-2566 -2567
42 79
35 41
-2569 -2572
-2570 -2571
17 51
29 70
-2573 -2574
2 54
78 25
-2576 -2831
-2577 -2704
-2578 -2641
-2579 -2610
-2580 -2595
-2581 -2588
-2582 -2585
-2583 -2584
39 75
50 43
-2586 -2587
73 33
4 13
-2589 -2592
-2590 -2591
66 4
27 41
-2593 -2594
50 49
18 17
-2596 -2603
-2597 -2600
-2598 -2599
61 33
83 42
-2601 -2602
19 47
55 26
-2604 -2607
-2605 -2606
80 62
34 17
-2608 -2609
83 23
48 63
-2611 -2626
-2612 -2619
-2613 -2616
-2614 -2615
6 18
78 63
-2617 -2618
59 21
38 70
-2620 -2623
-2621 -2622
26 56
49 10
-2624 -2625
28 54
62 5
-2627 -2634
-2628 -2631
-2629 -2630
45 22
2 34
-2632 -2633
62 16
17 51
-2635 -2638
-2636 -2637
82 56
3 19
-2639 -2640
22 11
80 54
-2642 -2673
-2643 -2658
-2644 -2651
-2645 -2648
-2646 -2647
76 37
20 16
-2649 -2650
65 83
73 60
-2652 -2655
-2653 -2654
78 51
58 22
-2656 -2657
3 31
77 27
-2659 -2666
-2660 -2663
-2661 -2662
78 50
38 20
-2664 -2665
48 83
25 72
-2667 -2670
-2668 -2669
34 54
69 41
-2671 -2672
10 11
50 73
-2674 -2689
-2675 -2682
-2676 -2679
-2677 -2678
32 50
45 57
-2680 -2681
83 52
2 48
-2683 -2686
-2684 -2685
41 83
66 78
-2687 -2688
56 17
35 71
-2690 -2697
-2691 -2694
-2692 -2693
57 69
78 59
-2695 -2696
22 2
71 21
-2698 -2701
-2699 -2700
36 40
80 21
-2702 -2703
39 41
69 62
-2705 -2768
-2706 -2737
-2707 -2722
-2708 -2715
-2709 -2712
-2710 -2711
35 9
52 82
-2713 -2714
12 78
25 16
-2716 -2719
-2717 -2718
32 6
1 62
-2720 -2721
10 26
69 6
-2723 -2730
-2724 -2727
-2725 -2726
71 47
66 55
-2728 -2729
50 35
11 28
-2731 -2734
-2732 -2733
79 9
20 25
-2735 -2736
3 13
33 19
-2738 -2753
-2739 -2746
-2740 -2743
-2741 -2742
4 68
48 38
-2744 -2745
36 39
81 21
-2747 -2750
-2748 -2749
83 11
15 7
-2751 -2752
50 31
35 1
-2754 -2761
-2755 -2758
-2756 -2757
14 48
79 1
-2759 -2760
75 5
12 26
-2762 -2765
-2763 -2764
32 56
22 35
-2766 -2767
23 49
67 80
-2769 -2800
-2770 -2785
-2771 -2778
-2772 -2775
-2773 -2774
11 63
82 21
-2776 -2777
9 14
61 62
-2779 -2782
-2780 -2781
3 58
24 78
-2783 -2784
18 21
16 43
-2786 -2793
-2787 -2790
-2788 -2789
82 32
49 12
-2791 -2792
75 65
30 4
-2794 -2797
-2795 -2796
81 65
43 36
-2798 -2799
13 59
83 13
-2801 -2816
-2802 -2809
-2803 -2806
-2804 -2805
26 39
50 40
-2807 -2808
53 38
55 20
-2810 -2813
-2811 -2812
6 13
66 68
-2814 -2815
71 56
69 65
-2817 -2824
-2818 -2821
-2819 -2820
51 9
24 8
-2822 -2823
75 17
17 57
-2825 -2828
-2826 -2827
13 35
21 21
-2829 -2830
42 22
20 16
-2832 -2959
-2833 -2896
-2834 -2865
-2835 -2850
-2836 -2843
-2837 -2840
-2838 -2839
56 72
10 33
-2841 -2842
25 38
65 40
-2844 -2847
-2845 -2846
24 64
55 46
-2848 -2849
12 33
34 67
-2851 -2858
-2852 -2855
-2853 -2854
63 49
44 35
-2856 -2857
35 64
31 33
-2859 -2862
-2860 -2861
45 70
20 22
-2863 -2864
51 35
58 5
-2866 -2881
-2867 -2874
-2868 -2871
-2869 -2870
9 2
81 8
-2872 -2873
77 39
83 79
-2875 -2878
-2876 -2877
42 45
79 49
-2879 -2880
56 4
80 39
-2882 -2889
-2883 -2886
-2884 -2885
51 10
20 35
-2887 -2888
20 20
80 40
-2890 -2893
-2891 -2892
31 7
78 21
-2894 -2895
27 49
28 1
-2897 -2928
-2898 -2913
-2899 -2906
-2900 -2903
-2901 -2902
82 24
59 36
-2904 -2905
69 63
56 34
-2907 -2910
-2908 -2909
7 18
43 23
-2911 -2912
80 26
21 31
-2914 -2921
-2915 -2918
-2916 -2917
1 56
24 30
-2919 -2920
3 49
61 69
-2922 -2925
-2923 -2924
36 3
18 77
-2926 -2927
12 59
49 72
-2929 -2944
-2930 -2937
-2931 -2934
-2932 -2933
48 80
45 44
-2935 -2936
59 32
33 79
-2938 -2941
-2939 -2940
54 66
12 4
-2942 -2943
77 48
80 25
-2945 -2952
-2946 -2949
-2947 -2948
69 40
14 35
-2950 -2951
24 62
5 28
-2953 -2956
-2954 -2955
51 69
2 25
-2957 -2958
62 63
44 28
-2960 -3023
-2961 -2992
-2962 -2977
-2963 -2970
-2964 -2967
-2965 -2966
64 20
65 55
-2968 -2969
19 74
32 67
-2971 -2974
-2972 -2973
54 73
10 49
-2975 -2976
45 49
56 75
-2978 -2985
-2979 -2982
-2980 -2981
20 82
60 59
-2983 -2984
26 64
52 11
-2986 -2989
-2987 -2988
2 47
73 41
-2990 -2991
20 26
72 22
-2993 -3008
-2994 -3001
-2995 -2998
-2996 -2997
46 14
41 34
-2999 -3000
14 29
34 35
-3002 -3005
-3003 -3004
75 25
54 5
-3006 -3007
15 54
14 74
-3009 -3016
-3010 -3013
-3011 -3012
39 18
12 60
-3014 -3015
44 82
14 64
-3017 -3020
-3018 -3019
28 62
10 19
-3021 -3022
48 21
62 83
-3024 -3055
-3025 -3040
-3026 -3033
-3027 -3030
-3028 -3029
25 26
71 66
-3031 -3032
25 42
67 33
-3034 -3037
-3035 -3036
4 29
20 22
-3038 -3039
44 27
78 6
-3041 -3048
-3042 -3045
-3043 -3044
3 39
33 29
-3046 -3047
32 9
10 32
-3049 -3052
-3050 -3051
17 82
23 80
-3053 -3054
27 22
73 51
-3056 -3071
-3057 -3064
-3058 -3061
-3059 -3060
25 25
51 28
-3062 -3063
19 76
31 37
-3065 -3068
-3066 -3067
59 29
24 36
-3069 -3070
20 22
46 78
-3072 -3079
-3073 -3076
-3074 -3075
76 14
35 75
-3077 -3078
52 42
5 13
-3080 -3083
-3081 -3082
23 71
24 75
-3084 -3085
38 36
60 51
-3087 -3598
-3088 -3343
-3089 -3216
-3090 -3153
-3091 -3122
-3092 -3107
-3093 -3100
-3094 -3097
-3095 -3096
38 7
12 70
-3098 -3099
18 35
27 22
-3101 -3104
-3102 -3103
16 80
21 11
-3105 -3106
28 61
7 14
-3108 -3115
-3109 -3112
-3110 -3111
61 79
21 42
-3113 -3114
50 66
82 21
-3116 -3119
-3117 -3118
25 81
26 69
-3120 -3121
57 28
68 51
-3123 -3138
-3124 -3131
-3125 -3128
-3126 -3127
24 1
78 73
-3129 -3130
65 48
23 51
-3132 -3135
-3133 -3134
40 31
33 35
-3136 -3137
58 35
18 34
-3139 -3146
-3140 -3143
-3141 -3142
62 82
66 14
-3144 -3145
42 57
17 17
-3147 -3150
-3148 -3149
28 52
19 25
-3151 -3152
30 61
83 54
-3154 -3185
-3155 -3170
-3156 -3163
-3157 -3160
-3158 -3159
3 20
81 38
-3161 -3162
21 83
7 47
-3164 -3167
-3165 -3166
52 48
16 55
-3168 -3169
59 81
21 76
-3171 -3178
-3172 -3175
-3173 -3174
22 25
64 15
-3176 -3177
68 7
40 4
-3179 -3182
-3180 -3181
61 44
10 67
-3183 -3184
53 16
44 35
-3186 -3201
-3187 -3194
-3188 -3191
-3189 -3190
73 73
30 72
-3192 -3193
67 54
5 23
-3195 -3198
-3196 -3197
15 46
31 83
-3199 -3200
15 82
51 15
-3202 -3209
-3203 -3206
-3204 -3205
36 52
12 7
-3207 -3208
19 24
45 75
-3210 -3213
-3211 -3212
54 79
35 56
-3214 -3215
28 73
32 12
-3217 -3280
-3218 -3249
-3219 -3234
-3220 -3227
-3221 -3224
-3222 -3223
66 30
72 52
-3225 -3226
17 3
70 25
-3228 -3231
-3229 -3230
15 9
13 54
-3232 -3233
80 15
4 31
-3235 -3242
-3236 -3239
-3237 -3238
19 25
54 64
-3240 -3241
39 5
10 67
-3243 -3246
-3244 -3245
35 26
12 48
-3247 -3248
24 65
43 3
-3250 -3265
-3251 -3258
-3252 -3255
-3253 -3254
43 68
33 44
-3256 -3257
3 33
45 4
-3259 -3262
-3260 -3261
52 46
29 62
-3263 -3264
48 42
40 50
-3266 -3273
-3267 -3270
-3268 -3269
25 80
53 1
-3271 -3272
44 31
50 16
-3274 -3277
-3275 -3276
31 3
77 77
-3278 -3279
67 64
81 56
-3281 -3312
-3282 -3297
-3283 -3290
-3284 -3287
-3285 -3286
34 6
38 35
-3288 -3289
49 52
35 50
-3291 -3294
-3292 -3293
48 52
8 83
-3295 -3296
77 44
81 26
-3298 -3305
-3299 -3302
-3300 -3301
4 67
62 67
-3303 -3304
45 35
66 32
-3306 -3309
-3307 -3308
11 51
38 66
-3310 -3311
37 68
7 67
-3313 -3328
-3314 -3321
-3315 -3318
-3316 -3317
5 65
55 51
-3319 -3320
73 43
50 51
-3322 -3325
-3323 -3324
67 28
3 14
-3326 -3327
79 5
58 33
-3329 -3336
-3330 -3333
-3331 -3332
74 63
70 34
-3334 -3335
83 68
45 40
-3337 -3340
-3338 -3339
78 51
48 4
-3341 -3342
35 21
36 60
-3344 -3471
-3345 -3408
-3346 -3377
-3347 -3362
-3348 -3355
-3349 -3352
-3350 -3351
20 11
45 79
-3353 -3354
61 11
45 3
-3356 -3359
-3357 -3358
16 83
31 51
-3360 -3361
77 27
62 44
-3363 -3370
-3364 -3367
-3365 -3366
29 37
65 60
-3368 -3369
9 76
72 19
-3371 -3374
-3372 -3373
72 82
70 58
-3375 -3376
79 30
24 51
-3378 -3393
-3379 -3386
-3380 -3383
-3381 -3382
64 16
81 54
-3384 -3385
57 65
34 64
-3387 -3390
-3388 -3389
80 72
75 59
-3391 -3392
4 40
23 62
-3394 -3401
-3395 -3398
-3396 -3397
82 4
59 8
-3399 -3400
62 18
35 83
-3402 -3405
-3403 -3404
11 49
5 8
-3406 -3407
61 4
68 21
-3409 -3440
-3410 -3425
-3411 -3418
-3412 -3415
-3413 -3414
2 16
57 14
-3416 -3417
66 19
63 8
-3419 -3422
-3420 -3421
37 49
36 48
-3423 -3424
58 49
63 8
-3426 -3433
-3427 -3430
-3428 -3429
61 18
67 68
-3431 -3432
37 27
30 63
-3434 -3437
-3435 -3436
35 2
34 7
-3438 -3439
32 82
23 58
-3441 -3456
-3442 -3449
-3443 -3446
-3444 -3445
81 70
39 38
-3447 -3448
2 50
80 78
-3450 -3453
-3451 -3452
19 1
37 55
-3454 -3455
59 81
6 36
-3457 -3464
-3458 -3461
-3459 -3460
26 68
4 30
-3462 -3463
4 47
54 80
-3465 -3468
-3466 -3467
67 9
40 59
-3469 -3470
22 16
40 31
-3472 -3535
-3473 -3504
-3474 -3489
-3475 -3482
-3476 -3479
-3477 -3478
7 38
50 43
-3480 -3481
82 7
43 74
-3483 -3486
-3484 -3485
30 75
17 6
-3487 -3488
8 31
10 82
-3490 -3497
-3491 -3494
-3492 -3493
9 74
63 55
-3495 -3496
9 68
83 4
-3498 -3501
-3499 -3500
41 51
33 25
-3502 -3503
69 28
24 75
-3505 -3520
-3506 -3513
-3507 -3510
-3508 -3509
53 25
58 21
-3511 -3512
26 14
61 81
-3514 -3517
-3515 -3516
2 77
18 29
-3518 -3519
13 38
2 63
-3521 -3528
-3522 -3525
-3523 -3524
63 22
47 61
-3526 -3527
80 63
6 65
-3529 -3532
-3530 -3531
52 54
15 79
-3533 -3534
14 25
81 39
-3536 -3567
-3537 -3552
-3538 -3545
-3539 -3542
-3540 -3541
61 27
26 3
-3543 -3544
17 43
54 35
-3546 -3549
-3547 -3548
63 65
27 66
-3550 -3551
64 26
71 39
-3553 -3560
-3554 -3557
-3555 -3556
53 7
32 44
-3558 -3559
83 81
55 3
-3561 -3564
-3562 -3563
39 70
19 54
-3565 -3566
56 12
34 68
-3568 -3583
-3569 -3576
-3570 -3573
-3571 -3572
72 14
22 3
-3574 -3575
51 70
37 45
-3577 -3580
-3578 -3579
57 11
20 39
-3581 -3582
55 4
14 67
-3584 -3591
-3585 -3588
-3586 -3587
72 52
34 64
-3589 -3590
75 16
59 19
-3592 -3595
-3593 -3594
23 43
9 63
-3596 -3597
48 14
15 66
-3599 -3854
-3600 -3727
-3601 -3664
-3602 -3633
-3603 -3618
-3604 -3611
-3605 -3608
-3606 -3607
60 20
15 75
-3609 -3610
28 6
59 58
-3612 -3615
-3613 -3614
47 11
36 44
-3616 -3617
31 6
75 14
-3619 -3626
-3620 -3623
-3621 -3622
24 40
9 64
-3624 -3625
28 81
49 45
-3627 -3630
-3628 -3629
29 40
81 36
-3631 -3632
40 53
63 2
-3634 -3649
-3635 -3642
-3636 -3639
-3637 -3638
76 59
4 14
-3640 -3641
24 12
41 53
-3643 -3646
-3644 -3645
56 59
56 55
-3647 -3648
28 6
81 33
-3650 -3657
-3651 -3654
-3652 -3653
53 15
69 81
-3655 -3656
49 1
42 41
-3658 -3661
-3659 -3660
50 52
76 25
-3662 -3663
74 5
47 80
-3665 -3696
-3666 -3681
-3667 -3674
-3668 -3671
-3669 -3670
75 24
35 19
-3672 -3673
11 66
78 15
-3675 -3678
-3676 -3677
14 54
75 31
-3679 -3680
45 58
22 15
-3682 -3689
-3683 -3686
-3684 -3685
38 44
82 42
-3687 -3688
75 61
12 65
-3690 -3693
-3691 -3692
2 75
23 83
-3694 -3695
9 31
83 76
-3697 -3712
-3698 -3705
-3699 -3702
-3700 -3701
37 59
70 82
-3703 -3704
16 41
22 29
-3706 -3709
-3707 -3708
25 37
57 55
-3710 -3711
63 60
20 4
-3713 -3720
-3714 -3717
-3715 -3716
22 3
36 3
-3718 -3719
21 29
32 80
-3721 -3724
-3722 -3723
71 14
43 39
-3725 -3726
60 69
82 51
-3728 -3791
-3729 -3760
-3730 -3745
-3731 -3738
-3732 -3735
-3733 -3734
3 83
8 33
-3736 -3737
35 18
43 35
-3739 -3742
-3740 -3741
70 55
55 30
-3743 -3744
50 23
14 44
-3746 -3753
-3747 -3750
-3748 -3749
28 47
44 26
-3751 -3752
7 51
49 60
-3754 -3757
-3755 -3756
11 51
33 76
-3758 -3759
73 16
62 15
-3761 -3776
-3762 -3769
-3763 -3766
-3764 -3765
27 74
52 20
-3767 -3768
51 82
19 9
-3770 -3773
-3771 -3772
80 73
21 22
-3774 -3775
67 49
58 5
-3777 -3784
-3778 -3781
-3779 -3780
78 49
58 45
-3782 -3783
72 18
32 75
-3785 -3788
-3786 -3787
75 60
3 30
-3789 -3790
16 44
53 33
-3792 -3823
-3793 -3808
-3794 -3801
-3795 -3798
-3796 -3797
18 2
26 53
-3799 -3800
30 38
41 69
-3802 -3805
-3803 -3804
44 81
58 2
-3806 -3807
59 11
35 21
-3809 -3816
-3810 -3813
-3811 -3812
67 7
6 27
-3814 -3815
60 46
31 21
-3817 -3820
-3818 -3819
25 20
71 48
-3821 -3822
44 7
41 8
-3824 -3839
-3825 -3832
-3826 -3829
-3827 -3828
66 21
32 19
-3830 -3831
66 28
49 71
-3833 -3836
-3834 -3835
74 62
18 2
-3837 -3838
77 50
64 18
-3840 -3847
-3841 -3844
-3842 -3843
33 25
14 37
-3845 -3846
25 71
54 50
-3848 -3851
-3849 -3850
74 61
6 79
-3852 -3853
14 45
29 22
-3855 -3982
-3856 -3919
-3857 -3888
-3858 -3873
-3859 -3866
-3860 -3863
-3861 -3862
15 47
81 73
-3864 -3865
7 55
10 39
-3867 -3870
-3868 -3869
67 74
47 41
-3871 -3872
18 50
8 22
-3874 -3881
-3875 -3878
-3876 -3877
45 74
9 43
-3879 -3880
73 17
76 9
-3882 -3885
-3883 -3884
47 73
66 4
-3886 -3887
27 60
68 48
-3889 -3904
-3890 -3897
-3891 -3894
-3892 -3893
9 61
65 60
-3895 -3896
50 36
82 29
-3898 -3901
-3899 -3900
76 54
10 74
-3902 -3903
7 41
25 36
-3905 -3912
-3906 -3909
-3907 -3908
16 16
8 30
-3910 -3911
5 4
10 10
-3913 -3916
-3914 -3915
78 23
35 54
-3917 -3918
81 58
51 17
-3920 -3951
-3921 -3936
-3922 -3929
-3923 -3926
-3924 -3925
76 17
67 76
-3927 -3928
16 79
7 24
-3930 -3933
-3931 -3932
28 7
39 19
-3934 -3935
66 60
3 71
-3937 -3944
-3938 -3941
-3939 -3940
1 70
10 42
-3942 -3943
28 56
45 70
-3945 -3948
-3946 -3947
64 13
2 34
-3949 -3950
37 78
2 49
-3952 -3967
-3953 -3960
-3954 -3957
-3955 -3956
38 63
41 36
-3958 -3959
28 5
75 41
-3961 -3964
-3962 -3963
81 2
5 81
-3965 -3966
75 33
39 39
-3968 -3975
-3969 -3972
-3970 -3971
37 31
47 67
-3973 -3974
61 8
51 60
-3976 -3979
-3977 -3978
47 70
46 17
-3980 -3981
5 6
81 75
-3983 -4046
-3984 -4015
-3985 -4000
-3986 -3993
-3987 -3990
-3988 -3989
13 25
38 19
-3991 -3992
52 79
31 18
-3994 -3997
-3995 -3996
6 29
56 17
-3998 -3999
71 43
35 5
-4001 -4008
-4002 -4005
-4003 -4004
30 29
45 42
-4006 -4007
1 19
16 76
-4009 -4012
-4010 -4011
70 73
71 12
-4013 -4014
14 10
83 23
-4016 -4031
-4017 -4024
-4018 -4021
-4019 -4020
49 82
18 73
-4022 -4023
2 45
46 11
-4025 -4028
-4026 -4027
31 62
53 15
-4029 -4030
29 66
21 4
-4032 -4039
-4033 -4036
-4034 -4035
16 33
70 38
-4037 -4038
55 76
29 12
-4040 -4043
-4041 -4042
5 71
68 56
-4044 -4045
25 68
14 82
-4047 -4078
-4048 -4063
-4049 -4056
-4050 -4053
-4051 -4052
28 34
67 30
-4054 -4055
36 25
11 11
-4057 -4060
-4058 -4059
9 46
79 8
-4061 -4062
57 59
65 63
-4064 -4071
-4065 -4068
-4066 -4067
60 53
29 7
-4069 -4070
44 20
65 61
-4072 -4075
-4073 -4074
3 50
29 1
-4076 -4077
52 68
66 1
-4079 -4094
-4080 -4087
-4081 -4084
-4082 -4083
42 48
75 33
-4085 -4086
27 79
16 20
-4088 -4091
-4089 -4090
19 75
34 41
-4092 -4093
61 34
75 35
-4095 -4102
-4096 -4099
-4097 -4098
26 34
9 35
-4100 -4101
26 20
40 78
-4103 -4106
-4104 -4105
46 7
66 1
-4107 -4108
80 40
11 0
